0	0.846275	0	0	0	0	0	1.4981	0.270441	0	0	0	0	0	0	0.442967	0	0	0	0	1.07114	0.584837	0	0	0	0	0	0	0	0	0	0	0	0	0	0	0	0	0	0	0	0	0	0	0	0.480862	0.446993	0	1.03455	1.12211	0.205043	0	0.524224	0.520504	0	0.269492	0	0	0.585557	0	0	0	0	0	0	0.2902	0	0	0	0	0	0	0	0	0	0	0	0	0.281642	0	0.444569	0	0	0.519813	0	0	0	0	0	0	0	0	0	0	0	0.333751	0	0	0	0	-0.672129	-0.593746	-0.268175	-0.547083	-0.103464	-1.41522	-0.00138312	-1.33594	-2.01722	-1.24096	-0.617476	-0.471326	-0.00138312	-1.11723	-0.924967	-1.65669	-0.41401	-0.902649	-0.54404	-0.488047	-1.60923	-0.00138312	-0.694308	-1.3923	-2.74271	
0	0	0.554191	0	0	0	0	0.262002	0.823786	0.935664	0.514991	0	0.32543	0	0	0	0.761636	0	0	0	0	0	0.787985	0.239388	0	0	0	0	0	0	0	0	0	0	0	0	0.718609	0	0	0	0	0	0	0	0	0	0	0	0	0	0.944382	0	0	0	0.624158	0.526026	0	0	0	0	0	0	0	0	1.3414	0	0	0.180306	0	0.225913	0	0	0	0	0	0	0	0	0	0	0	0	0.375332	0	0	0	0	0	0	0	0	1.01728	0	0	0.609778	0	0	0	0	0.627473	-0.472187	-2.20157	-0.651729	-0.608753	-1.91743	-2.20786	-0.232082	-1.63205	-0.787767	-0.734081	0	-2.44137	-1.12145	-1.30721	-0.556939	-1.11591	-0.24068	-0.806044	-0.709863	-0.722858	-0.0326125	0	-0.0536421	-1.06693	-0.775557	
0	0.334764	0	0	0.372044	0.424782	0	0	0	0	0	0	0	0	0	0	0	0	0	0	0	0.272636	0	0	0	0	0	0	0	0	0.360747	0.464012	0	0	0	0	0	0.376106	0	0.458484	0.207489	0	0	0	0	0	0	0.327125	0	1.04625	0	0	0	0.780912	0	0	0	0	0	0	0	0	0.392518	0	0	0	0	0	0	0	0	0	0	0.697753	0	1.1786	0	0	0	0	1.19837	0	0.537856	0	0	0.924097	0	0.239634	0	0.249712	0	0	0	0	0	0	0	0	0	0	-0.75811	-0.692663	-0.300039	-1.25235	-0.967414	-1.13785	-0.1836	-1.57862	-0.776582	-1.47973	-1.56732	0	-0.973489	-1.23598	-0.887477	-0.567264	-0.662474	-0.318022	-0.480331	-0.647674	-1.92741	0	-0.591079	-0.47792	-1.38087	
0	0.846041	0	0	0	0	0	0.641906	0	0	0	0	0	0	0	0	0	0	0	0	0	0	0	0	0	0	1.20895	1.05752	0.838939	0	0	0	0	0	0.656459	0	0	0	0	0.547792	0	0	0	0.500901	0	0.28318	0	0	0.444534	0	0	0	0	0	0	0.583152	0	0	0	0	0	0	0.244402	0	0	0	0	0.367715	0	0	0	1.59833	0	0	0	0	0	0	0	0	0	0	0	0	0	0.374345	0	0.585177	0	0.521357	0	0	0	0	0.274664	0.419617	0	0	0	0.443539	-0.622947	-1.22465	-1.12686	-0.0031756	-0.195884	-1.82067	-0.000383324	-1.88602	-1.85286	-2.11105	-0.000383324	-0.776049	-0.846644	-1.55898	-0.329458	-0.982343	-2.77636	-0.000383324	-0.693763	-0.000383324	-0.98438	-0.000383324	-1.429	-0.165602	-1.04991	
0	0	0	0	0	0	0	0	0	0.571772	0	0	0	0	0	0	0	0	0	0	0	0	1.04405	0	0	0	0	0.289717	0	0	0	0	0.650215	1.59119	0	0	0	0	0	0.63012	0	0	0	0.868093	0	0	0	0	0.509303	0	0	0	0	0	0.417551	0.881834	0	0.147803	0	0	0.936892	0	0	0	0	0	0	0	0	0	0.693752	0	0	0.479306	0	0	0	0	0	0	0	0.44694	0	0.478817	0	0	0	0	0	0	0	0.507879	0	0.575135	0	0.254574	0.817911	0	0	0	-1.3611	-2.35909	0	-1.10296	-0.355612	-0.86637	-0.774833	-1.02909	-1.388	-0.879417	-0.90433	-0.820139	0	-0.0313257	-0.644809	-0.27435	-2.03562	-0.222943	-2.06344	-1.37593	-1.07502	-1.3022	-1.17692	-0.362077	-0.387769	
0	0	0	0	0	0	0	0.706486	0	0	0	0	0	0	0.782471	0	0	0	0	0	0.575104	0	0	0.250299	0	0	0	0	0.516602	0	0	0.362425	0	0	0	0	0.817401	0	0	0	0.384568	0	0	0.651401	0	0	0	1.23348	0	0	0	0	0	0	0	0	0.455361	0	0	0	0	0	0	0	0	0.560384	0	0	0	0	0	0	0	0	0	0	0.548138	0.353332	0.290618	0.282381	0	0	0	0	0	0.119763	0	0.66582	0	0	0	0	0.511154	0	0	0.239626	0	0	0	0	-0.438891	-0.00447059	-0.748009	-0.309531	-1.43934	-0.748568	-0.117958	-2.07675	-0.683152	-1.2362	-1.10635	-0.0907128	0	-2.1629	-0.417975	-1.09662	-2.26445	-0.0809454	-0.745403	-0.727004	-0.974095	-0.109549	-0.900919	-1.03012	-0.797052	
0	0	0	0	0	0	0	0	0	0.578871	0	0	0	0	0	0	0	0	0.580875	0	0	0.553699	0	0.415133	0	0	0	0	0	0	0.436848	0.649222	0	0	0.625249	0	0	0	0.392697	0.556236	0	0.378474	0	0	0	0	0.318581	0	0	0	0	0	0	0	0	0	0	0	0	0	0	0	0.697375	0	0	0.242978	0.16985	0	0	0	0	0	0.398146	0.419983	0.236029	0	0	0.454301	0	0	0	0	0	0	0	0	0	0	0	0	0	0	0.470808	0	0	0	0	0	0	0.800338	-1.02391	-0.258786	-0.980568	-0.98133	-0.156092	-0.660843	-0.673387	-1.97569	-0.619079	-0.939346	-0.0987033	-1.165	-1.03627	-1.43081	-1.6582	-0.000465305	-0.59909	-0.326009	-0.000465305	-0.000465305	-1.09085	-0.815516	-1.73503	-0.866525	-0.28325	
0	0	0.334771	0	0	0	0.586379	0	0	0	0	0	0	0	0	0	0.258182	0	0	0	0	0	0	0	0.417048	0	0	0	0	0	1.20945	0	0	0	0	0.622628	0	0.660897	0	0	0	0	0	0	0	0	0	0	0	0	0	0	0	0	0	0	0	0	0.598098	0	0	0	0.538214	0	0	0	0	0.616675	0.3362	0	0	0	0	0.630557	0	0	0	0.453009	0	0	0	0	0	0	0.256526	0	0	0.395764	0	0.568479	0.459629	0	0	0	0	0	0	0.308962	0.604514	0.409314	-1.95351	-0.462896	-1.84005	-1.10618	-0.123993	-0.479484	-0.407661	0	-0.541883	-1.91204	-0.907839	-0.578856	-0.670068	-0.6207	-0.709732	-0.442914	-0.346304	-0.546616	-0.454838	-0.376083	-1.3778	0	-0.640419	-1.40451	-2.36159	
0	0	0	0	0	0	0.325886	0	0	0	0	0	0.204345	0	0.905862	0	0	0	0.437393	0	0	0.213825	0	0	0	0	0.344927	0	0	0	0	0	0	0	0.390956	0	0.53159	0.211149	0	0	0	0	0	0.315941	0	0	0	0.439587	0.497809	0	0	0	0.565119	0.956094	0	0	0.299063	0.733229	0	0.341142	0	0	0	0	0	0	0	0	0	0	0	0	0	0	0	0	0	0	0	0.277986	0	0	0	0	0	0.217193	0	0	0	0	0	0	0	0	0	0	0	0	0.77396	0	-0.857299	-0.872545	-0.706171	-1.3294	-1.1441	-0.630685	-0.113737	-0.993793	-0.527093	-1.24615	-0.441556	-0.117249	-0.793045	-1.25978	-0.327715	-0.450141	0	-1.01525	-0.751298	-1.57119	-0.66294	-0.788563	-0.759959	-0.782018	-0.841656	
0	0	0	0	0	0	0	0	0.525557	0	0.405295	0.341229	0	0.867014	0	0	0.453086	0.239117	0	0.362735	0	0	0	0	0	0.358547	0	0	0	0	0	0	0	0	0	0	0.40851	0	0	0.3395	0	0	0.187659	0	0	0.375688	0	0	0	0	0	0	0	0.633163	0	0	0.592616	0	0	0	0	0	0	0.523045	0.609451	0	0	0.267188	0	0	0	0	0	0	0	0	0	0	0	0	0	0	0	0	0	0.244339	0	0	0	0	0	0	0	0	0	0.432467	0	0	0.61543	0	-0.697133	-1.55762	-0.462237	-0.779421	-1.91607	-0.960168	-0.708622	-0.408263	-0.70436	-0.244533	-0.752897	-0.838284	-0.752558	-0.361312	-0.611477	-0.235323	-0.528082	-1.15646	-0.353542	-1.41081	-0.502035	-1.49125	-0.188566	-1.08984	-0.0707729	
0	0	0	0	0	0	0.253821	0	0	0	0	0.84549	0.213269	0	0	0	0	0	0.631427	0	0	0	0	0.556321	0	0	0	0	0	0	0.239381	0	0.687373	0	0	0.384412	0.533809	0	0	0.485548	0	0	0	0	0.262039	0	0	0	0	0	0	0	0	0.473178	0	0	0	0	0.567558	0	0	0.903194	0	0	0	0	0.620459	0.62638	0.257582	0	0	0.341408	0	0	0	0	0	0	0	0	0	0	0	0	0	1.12116	0	0	0.696423	0	0	0	0	0	0	0	0	0	0	0	-0.618872	-0.652584	-2.36153	-1.30224	-0.71103	-0.735689	-0.441359	-1.08092	-0.952616	-0.864958	-0.112451	-1.49721	-1.34981	-1.4768	-1.18378	-0.347286	-0.924223	-0.197957	0	-0.345375	-0.913866	-0.397279	-0.990412	-0.897705	-0.344593	
0	0	0	0	0	0	0	0	0	0	0	0	0	0	0	0	0	0	0	0	1.08281	0	0	0	0.279717	0	0	0	0	0.753281	0	0	0	0	0.398335	0	0	0	0	0	0.155522	0	0	0	0	0.7729	0	0.204441	0	0.429019	0	0.254743	0	0	0.197776	0	0	0	0	0	0	0	0.898499	0	0	0	0.284434	0	0	0	0	0.642034	0	0	0.220493	0	0	0	0.13821	0	0.689657	0.479125	0	0	0	0	0	0	0.264634	0	0.246083	0	0	0.536303	0	0	0	0	0	0	-0.588832	-0.88097	0	-1.06702	-0.26346	-0.805088	-0.106412	-0.547243	-0.412563	-0.142007	-0.963829	-1.6662	-0.889855	-0.517727	-0.392274	-0.85819	-0.780974	0	-1.14605	-1.10073	-1.653	-1.71128	-0.900984	-0.510322	-1.02366	
0	0.733637	0	0	0	0	0	0	0	0	0	0	0	0	0.656589	0	0	0	0	0	0	0	0	0	0	0	0.683004	0	0	0	0	0	0	0	0.436894	0	0	0.455847	0.479292	0.300678	1.17848	0.587744	0	0	0	0	0	0	0	0	0.767177	0	0.403297	0	0	0	0	0	0	0	0	0	0	0.494611	0	0	0	0.273765	0	0	0	0	0.267963	0	0	0	0.622048	0	0	1.23521	1.12227	0	0	0	0	0	0	0	0	0	0	0	0.276559	0	0.64778	0	0	0	0	0.109949	-1.97567	-0.433933	-0.486017	-0.571387	-0.629535	-0.467433	-0.0601518	-1.04115	-0.667032	-1.16769	-3.27648	-0.255874	-0.471748	-1.63527	-0.842498	-1.01647	-0.497932	-1.16089	-0.214361	-0.811947	-0.343191	-0.565861	-0.638702	-1.84829	-0.653267	
0.0873222	0	0	0	0	0	0	0	0	0	0	0	0	0	0	0	2.28949	0	0	0	0.681384	0	0	0	0	0	0	0.371032	0	0	0	0	0.846811	0	0	0	0	0	0	0.69905	0	0	0	0	0.24456	0	0	0	0	0.624981	0.495714	0	0	0	0.606342	0.559412	0.74265	0	0	0	0.448537	0	0	0	0	0	0.243523	0	0	0	0	0	0	0	0	0.365142	0	0	0	0	0	0	0	1.3466	0	0	0.740099	0	0.275483	0.404892	0	0.244913	0	0	0	0	0	0	0	0	-0.00241901	-1.05745	-0.00241901	-0.00241901	-0.571012	-3.76399	-0.76899	-0.440194	-2.3207	-0.370192	-3.43616	-1.42515	-0.416499	-0.00241901	-0.68081	-1.30861	-0.587935	-0.00241901	-0.00241901	-1.37632	-1.59313	-0.128491	-0.703152	-0.5095	-0.845147	
0	0	0	0	0	0	0	0	0.220914	0	0	0.346364	0	0	0	0	0	0	0	0	0.313103	0	0	0	0	0	0	0	0.372671	0	0	0	0	0	0	0	0	0	0.68761	0	0	0	0	0.726849	0	0	0	0	0	0.605362	0	0	0.431812	0	0	0.404669	0	0	0	0	0.286769	0.451479	0.420311	0	0	0	0.478183	0	0	0.79981	0	0	0.215586	0	0	0	0	0	0.428889	0	0.499355	0	0.466272	0	0	0	0	0	0	0	0	0.738981	0	1.07819	0	0	0	0	0	0	-1.2911	-0.465505	-0.202201	-0.985551	-0.230642	-1.50166	-0.710761	-0.406362	-1.00132	0	-1.35839	-1.13815	-0.537623	-0.441913	0	-0.792591	0	-0.012786	-1.82921	-1.79041	-2.19641	-0.811699	-0.262701	-0.875102	-1.13138	
0	0	0	0.198398	0	0	0	0.376805	0	0	0.609699	0	0.378601	0	0	0	0	0.405876	0	1.0544	0	0.506298	0.327972	0	0	0.129315	0	0	0	0	0.541753	0	0	0	0	0	0	0	0	0	0	0	0	0.863156	0	0	0	0	0	0.308811	0	0	0	0	0	0.346753	0.725707	0	0	0	0	0	0	0	0	0	0	0	0	0	0	0	0.286191	0	0.492133	0	0	0.377667	0	0	0	0	0	0	0	0	0	0	0	0.233779	0	0	0	0	0.438056	0	0.579832	0	0	0	-0.243717	-1.01586	0	-0.484853	-0.671486	-0.694049	-2.54308	-0.628542	-0.879417	-0.743646	-0.211373	-2.7548	-0.0134363	0	-0.933599	-0.885408	-1.05573	-0.425926	-0.743491	-0.881975	-0.00851709	-0.682211	-1.13605	-0.708242	-0.836259	
0	0	0	0.438053	0.345113	0	0	0.278402	1.83558	0.299391	0	0.477421	0.310643	0	0	0	0	0.448072	0	0	0	0.272122	0	0.399978	0	0	0	0	0	0	0	0	0	0	0	0	0.556278	0	0	0	0	0.212465	0	0	0	0	0	0	0	0	0	0	0	0	0	0	0	0.163681	0	0	0	0.584422	0	0	0	0	0	0	0	0	0.516599	0	0	0	0	0.518169	0	0	0.569417	0	0	0	0.491928	0	0	0	0	0	0.641465	0	0.409181	0	0	0	0	0	0	0	0	0	-0.27995	-0.943057	-1.2334	-0.81639	-1.02777	-1.63854	-0.345406	-0.0198432	-0.372055	-0.000856177	-1.44427	-1.42775	-1.7112	-1.80713	-0.457589	-0.458152	-0.22216	-0.412348	-0.461754	-1.47303	-0.899352	-0.585931	-0.572135	-0.734528	-0.423797	
0	0	0	0	0	0	0.443014	0	0.446427	0	0	0	0	0	0.186628	0	0.476821	0	0	0	0	0	0	0	0	0.826532	0	0.411866	0	0	0.197519	0	0	0	0	0	0	0.43233	0.203335	0	0	0	0	0	0	0	0.332785	0.392378	0	0	0	0	0	0	0	0	0	0	0	0	0.345128	0	0	0	0	0	0	0.412924	1.03629	0	0.606525	0	0	0	0.245415	0	0	0	0.431054	0	0	0	0	0.198742	0	0	0	0	0	0	0	0	0	0	0.485788	0	0	0	0	0.179883	-0.931786	-1.25105	-0.379791	-0.992502	-0.102687	-0.825883	-1.22549	0	-0.759641	0	-0.568369	-1.92716	-1.10702	-0.867203	0	-1.20878	0	-0.292296	-0.5319	-0.969773	-0.742404	-1.81362	-0.764329	-0.945218	-0.0858957	
0	0	0	0	0	0	0	0	0	0	0	0	0.472965	0	0	0	0	0.771391	0	0.50474	0.378495	0	0	0.466207	0	0	0	0	0	0	0.312281	0	0	0	0	0	0	0.942209	0	1.72691	1.36678	0	0	0	0.498396	0	0	0	0	0.490162	0.328088	0	0.468917	0	0	0	0	0	0	0.274893	0.541058	0	0	0	0	0	0	0	0	0	0	0	0	0	0	0.274269	0.314724	0	0	0	0.513805	0.778182	0.5556	0	0	0	0	0	0	0	0	0	0	0	0	0	0	0	0	0	-0.0713482	-0.916704	-0.363653	-1.78081	-2.00404	-0.00231065	-0.540448	-0.157925	-1.50813	-2.60716	-2.00768	-0.00231065	-0.290508	-0.26121	-1.18423	-1.09518	-0.00231065	-0.998818	-0.00231065	-1.53157	-2.99875	-0.00778767	-0.0128036	-0.965302	-0.666756	
0	0	0	0.286585	0	0	0	0.389221	0	0	0.312339	0	0	0.365229	0.980515	0	0.437171	0	0	0	0	0	0	0	0	0.529524	0	0.332083	0	0	0	0	0	0	0	0	0	0	0	0	0	0	0	0	0.339462	0	0	0	0	0	0.640885	0	0	0.447869	0	0	0	0	0	0	0	0	0	0	0	0	0	0	0	0	0	0.548877	0	0	0	0	0	0	0	0.276732	0.427095	0	0.378703	0	0	0.368847	0	0	0	0.418536	0	0	0	0	0.77728	0	0.427436	0.43567	0	0	-0.700031	-1.87444	-0.203819	-0.0992073	-0.166231	-1.2415	-0.981443	-0.650651	-0.513209	-0.554196	-0.410271	-0.855041	-1.39816	-0.14047	-0.383596	-0.782461	-1.22639	-0.554237	-1.50343	-1.63055	-1.66144	-0.114255	-0.435573	-0.636645	-0.402808	
0	0	0	0	0	0	0	0	0.358427	0.321771	0.347167	0	0	0	0	0.471005	0	0	0	0	0	0	0	0	0.47539	0.623152	0	0	0.778727	0	0	0.374293	0	0	0	0	0.393307	0	0.434144	0	0	0	0	0.703494	0	0	0	0	0.771573	0	0	0	0	0	0	0	0	0	0	0	0	0	0	0	1.36029	0	0	0	0.54273	0	0	0	0	0	0	0	0	0.421775	0.313123	0	0	0	0	0.294691	0	0	0	0	0	0.439983	0	0	0.165035	0	0	0	0	0	0	0.554141	-1.11617	-0.50068	-1.30679	-0.0264708	-0.381978	-1.65934	-0.284601	-1.06377	-1.88244	-0.477724	-0.295839	-1.04421	-0.000174068	-0.466916	-0.310482	-1.35583	-1.65848	-0.462762	-1.65161	-0.623682	-0.806775	-0.907233	-0.683746	-0.327371	-0.84914	
0.352952	0	0	0.862028	0	0.665206	0	0	0.421305	0	0	0.31595	0	0.255211	0.958624	0	0	0	0.271751	0	0.55714	0	0	0.414516	0	0	0	0	0	0	0	0	0	0	0	0.327902	0	0	0	0	0	0.329148	0	0	0	0	0	0.562118	0	0	0	0	0.411035	0	0	0	0.451102	0	0	0	0.18218	0	0	0.661728	0	0	0	0	0	0	0.202436	0	0	0	0.636831	0	0	0	0	0	0	0	0	0	0	0	0	0	0	0	0.310129	0	0	0	0	0	0	0	0	0	-0.000596402	-0.419477	-0.000596402	-0.294865	-0.000596402	-0.882888	-1.07932	-0.789453	-0.385086	-0.290202	-0.893089	-0.282756	-1.94895	-0.300177	-0.101892	-0.979041	-2.19074	-0.215763	-1.10931	-1.51832	-0.352174	-1.3643	-1.12501	-0.453423	-2.17125	
0	0	0	0	0	0	0	0	0	0	0	0	0	0	0.87965	0	0	0	0	0.224283	0.431313	0.947474	0	0	0	0	0	0.976809	0	0	0	0	0	0.115969	0.55595	0.377834	0	0	0	0	0	0	0.407119	0	0.18539	0	0	0	0.314163	0	0	0	0	0	0	0	0	0	0.355244	0	0.675784	0	0	0	0	0	0	0.304804	0	0	0	0	0	0	0	0.357495	0	0	0	0	0	0	0	0.343751	0	0	0	0	0	0	0	0	0.207098	0.535825	0	1.06685	0	0	0	0.614735	-0.693346	0	-0.106217	-1.16553	0	-0.931326	-0.277218	-0.673353	-1.80188	-1.44971	-1.30284	-0.478837	0	-0.347858	-0.154575	-1.40048	-0.888719	-0.19032	-1.61045	-0.357116	-2.04571	-0.473479	-1.05373	-0.862566	-1.61304	
0	0	0	0	0	0	0	0	0.223882	0.235763	0	0	0	0	0	0	0	0.271525	0	0.205975	0	0	0.542239	0	0.802413	0	0.947863	0	0	0	0	0	0	0	0.313781	0.216667	0	0	0.432168	0	0	1.47127	0	0	0	0.281664	0	0.574155	0	0.969887	0	0	0	0.812455	0	0	0	0	0	0	0	0	0	0	0	0	0	0	0.944245	0	0	0	0	0	0	0	0.495498	0	0	0	0	0	0	0	0	0	0.277172	0	0.443665	0	0	0	0	0	0.754936	0	0	0	0	0	-1.69967	-0.2209	-1.10864	-1.17251	-0.781243	-0.573288	-1.14497	-0.604671	-0.66499	-0.000319722	-0.532662	-0.757276	-2.34515	-2.57636	-0.481068	-0.394745	-1.57773	-0.542605	-0.891386	-0.14005	-0.946389	-0.695704	-0.180242	-0.643573	-0.541072	
0	0	0.769206	0	0	0	0	0	0.49527	0	0	0	0	0	0	0	0	0	0	0.30546	0.720448	0	0.603596	0	0	0	0	0	0	0	0	0	0	0	0	0	0	0	0.484008	0	0.245802	0	0.690649	0	0	0	0	0	0	0	0	0	0	0	0.673539	0	0	0	0	0	0	0	0	0	0.197218	0	0.472558	0.50892	0	0	0	0	0	0	0	0	1.05061	0	0.43589	0	0	0	0.711144	0	0.592235	0	0	0.625818	0	0	0	0.122612	0	0	0	0.545116	0.462254	0	0	0	-0.429917	-0.168	-0.551258	-1.22137	-1.61021	-1.53405	-0.169422	-0.925241	-1.27166	-0.796252	-0.691424	-0.26137	-1.15174	-0.949562	-1.18338	-0.544142	-1.94515	-0.104445	-1.49096	-0.946786	-1.34872	-0.895455	0	0	-0.522214	
0	0.373602	0	0	0.37383	0	0	0	0	0	0	0	0	0	0	0.673515	0	0	0	0	0	0	0	0.975771	0.566207	0	0	0	0	0	0.875617	0.389488	0	0	0	0	0.886865	0	0	0	0.48247	0	0	0	0.273641	0	0	0	0.772562	0	0	0	0	0	0	0	0.316789	0	0	0	0	0.251875	0	0.817375	0	0	0	0	0	0	0	0	0	0.191586	0	0.400551	0	0	0	0	0.288764	0	0.335851	0	0	0	0	0	0	0	0	0.824395	0.614875	0	0	0	0	0	0	0	-0.108803	-1.22817	-0.825242	-3.0009	-0.858576	-0.540117	-0.0533394	-0.435356	-1.4045	-0.688703	-1.48608	-0.173195	-0.854163	-0.872337	-1.11091	-0.124486	-0.000863643	-0.300372	-0.287835	-0.0549245	-0.716846	-1.13834	-0.259256	-1.10828	-3.05403	
0	0	0	0	0.898576	0	0	0	0	0	0	0	0.253122	0	0	0	0	0	0	0	0	0.353856	0	0	0	0	0	0.567097	0	0	0	0	0	0	0.556794	0	0	0	0	0	0	0.0864965	0	0	0	0	0	0	0.556878	0	0	0.720659	0.396754	0	0.277339	0	0	0.258491	0	0	0	0	0	0	0	0	0	0.672186	0	0	0	0.351635	0	1.10618	0	0	0	0	0	0	0	0	0	0	0	0.527748	0	0	0.774621	0.493227	0	0	0.649977	0	0.269143	0.187936	0	0	0	0	-0.0805866	-0.43424	-0.940789	-0.875458	-0.303455	-0.815162	-5.64468E-05	-0.75933	-1.19163	-1.28183	-0.960904	-0.487823	-0.712915	-2.19498	-0.734953	-1.37367	-0.39859	-0.309783	-2.1187	-0.766765	-0.00779951	-1.62008	-1.12407	-0.135145	-0.33	
0.795582	0	0.289662	0	0	0	0	0	0	0	0	0	0	0	0	0	0.51812	0	0	0	1.4392	0	0	0	0	0	0	0	0	0.354309	0	0	0	0	0	0	0.192255	0	0	0	0	0	0	0	0	0	0	0	0	0.61012	0.164759	0.49404	0.469874	0.660723	0	0	0.360793	0	0.98317	0	0	0	0	0	0	0	0	0	0	0.393746	0	0	0	0	0	0	0	0.89442	0.674202	0.362275	0	0	0	0	0	0.903112	0	0.259741	0	0	0	0	0	0	0	0	0	0	0	0.809112	-0.642169	-0.217844	-0.892512	-0.294396	-0.110469	-0.559748	-0.414337	-0.888564	-0.921867	-2.21346	-1.54443	-1.57169	-0.247383	-0.250501	-0.553122	-2.33877	-0.615007	-0.126071	-0.586689	-1.29291	-0.958394	-0.0873981	-1.33147	-1.26021	-1.7098	
0	0	0	0	0	0	0	0.350159	0	0	0	0	0	0.428968	0	0	0	0	0	0.172396	0	0	0	0.116077	0	0	0	0.605818	0	0	0.132393	0	0	0	0	0.417686	0	0	0.385569	0.924429	0	0	0	0	0	0	0	0	0	0	0	0	0.306233	0	0	0	0	0	0	0.453682	0.906935	0.515023	0	0	0	0.935467	0	0	0	0	0	0	0.486057	0	0	0.358886	0	0	0	0.401324	0	0	0	0.36215	0	0	0	0	0	0	0.223142	0	0	0.48568	0	0	0	0	0	0	-1.2743	-0.603966	-0.46867	-1.14876	-0.1492	-0.478618	-2.21237	-0.896219	-0.638736	-1.14609	-0.949245	0	0	-0.014167	-0.209443	-0.695299	-0.898303	-0.579228	-0.753844	-0.818745	-1.54101	0	-1.33243	-1.29736	-0.863256	
0	0	0	0	0	0	0	0	0	0	0	0	0	0	0	0	0.285569	0.677238	0	0	0	0	0.202546	0.285587	0	0	0	0	0	0	0.623318	0.296928	0	0	0	0	0	0	0.783897	0	0.346559	0.865913	0	0.606502	0	0	0	0	0	0	0	0	0.452275	0	0	0	0.599421	0.725247	0	0	0	0.330236	0	0	0	0	0	0	0	0	0	0	0.319834	0	0	0	0	0	0	0	0.232534	0	0	0	0	0	0.761308	0	0.429529	0	0	0.531114	0	0	0	0.345808	0	0	0	0	-0.824779	-0.191381	-0.988797	-1.08036	-0.430051	0	-0.569372	-0.53563	-1.73906	-0.485983	-1.46753	-0.580852	-1.21701	-0.598921	-0.920777	-0.284468	0	-0.750998	-1.26434	-1.07992	-0.137646	-1.98214	-0.844961	-1.19717	-0.529777	
0	0	0	0	0	0.367684	0	0	0	0.231913	0	0.346551	0	0	0	0	0.228118	0	0	0	0	0	0	0	0	0	0	0	0.47369	0.270221	0	0	0	0	0.496166	0	0	0	0.86592	0	0.825656	0.155951	0	0	0	0	0.798737	0	0	0	0	0	0	0	0	0	0	0.261289	0	0	0	0	0	0	0	0	0.227034	0	0.350106	0.225713	0	0	0	0.471455	0	0.284888	0	0	0	0	0	0	0	0	0	0	0	0	0	0	0.183286	0	0	0	0	0	0	0.814768	0	1.09657	-1.20229	-0.439738	-0.442868	-0.99755	-0.00146871	-0.886537	-0.0731104	-0.729429	-0.960462	-1.54603	-0.726821	-0.71646	-1.12975	-0.37843	-1.11398	-0.562752	-0.0978191	-0.108347	-0.714605	-0.534718	-1.22473	-0.621763	-1.29496	-1.57365	-0.897442	
0	0	0	0	0	0	0.807392	0	0	0.650004	0	0	0	0	0	0	0	0.500209	0	0	0	0	0	0.529833	0	0	0.369515	0	0	0	0	0	0.466044	0	0	0.613593	0	0.271718	0.176416	0	0	0	0	0	0	0	0	0	0	0	0	0.292249	0	0	0	0	0	0	0	0	0	0	0	0	0	0	0.173191	0	0.503982	0	0	0	0	0.886284	0.337907	0.682791	0	0	0	0.88403	0	0.707939	0	0	0.289935	0	0	0	0	0	0	0	0	0.149595	0	0	0	0	0.786848	0	-1.40055	-0.619197	-0.478683	-0.982719	-0.321496	-1.08286	-1.323	-0.201666	-0.606486	0	-0.537079	-2.22176	-1.10835	-1.10497	-0.406319	-0.596855	-0.385093	-0.846143	-0.235173	-2.33351	-0.298518	-1.20324	-0.392777	-0.882261	-0.510921	
0	0	0	0	0	0	0	0	0	0	0	0	0	0	0	0	0.308645	0.482543	0.672437	0	0	0.350031	0	0	0	0	0	1.08403	0	0	0	0	0	0.158887	0	0	0.522212	0	0	0	0	0	0	0.602266	0.485699	0.55026	0	0	0	0	0	0	0	0	0	0	0	0	0	0	0	0.152399	0	0	0	0.39385	0	0	0	0.31326	0	0	0	0.686558	0	0	0	0	0.288452	0	0.183906	0	0	0	0.379252	0.197915	0	0	0	0	0	0.514802	0	0	0	0	0	0	0.455369	0	-0.690974	-1.26303	-0.824291	-0.53038	-0.889665	-0.413214	-0.692043	-0.562622	-0.458501	-1.50436	-0.430584	-0.916205	-0.20859	-0.420653	-0.00077799	-0.898738	-0.732512	-2.01308	-0.427815	-1.34993	-0.700078	-0.877792	-0.550323	-0.897519	-0.5291	
0	0.645644	0	0	0.382504	0	0	0	0.66968	0	0	0	0	0.711109	0	0	0	0	0	0.336432	0	0.3704	0	0	0.327309	0.305118	0	0	0	0.791036	0	0	0	0	0	0	0	0	0	0	0	0	0	0	0	0	0	0	0	0.48438	0	0	0	0	0	0.62219	0	0	0	0	0	0	0	0.236731	0	0	0	0	0	0	0	0.481558	0	0.591534	0	0	0	0	0	0	0	0	0	0.194378	0	1.65075	0	0.674274	0	0	0	0	0	0	0	0.201405	0.489916	0.163107	0	0	-0.244254	-1.5251	-0.213112	-0.551338	-1.06297	-0.204613	-0.346216	-0.67765	-0.523231	-1.29149	-1.35286	-0.773093	-2.12736	-1.06118	-0.671209	-0.488085	-0.538799	-1.00762	-0.565057	-0.560851	-0.203204	-0.366853	-2.72453	-0.287667	-0.961123	
0.278402	0	0	0	0.761988	0	0	0	0.395417	0	0	0	0	0	0	0	0	0	0	0	0.417845	0	0	0.484726	0.332303	0	0	0	0	0	0	0	0.46904	0	0	0.713224	0	0	0	0	0	0	0	0	0.527984	0.392042	0.857035	0	0	0.393267	0	0	0.578699	0	0	0	0	0	1.18013	0	0	0	0	0	0	0	0.511045	0	0.579843	0	0	0	0	0	0	0	0	0	0.557709	0	0	0	0.295633	0	0	0	0	0	0	0	0.179245	0	0	0	0	0	0	0	0	1.16532	-0.782513	-0.479975	-1.05614	-0.72694	0	-1.36012	-0.197345	-0.537818	-0.792665	-0.528325	-0.794172	-0.940445	-1.67834	-0.687037	-0.177184	-1.18865	-0.715864	-0.545967	-1.00032	-0.553878	-2.63942	-0.645442	-1.57927	-0.612158	-0.851072	
0	0	0	0	0.733901	0.454112	0.492559	0	0	0	0	0.639492	0	0.304665	0	0	0	0	0	0	0	0	0	0.514182	0.336482	0	0.452406	0.125084	0	0	0	0	0.341777	0	0	0	0	0	0	0.580114	0	0	0	0	0	0	0	0	0.414786	0.645812	0	0	0.256931	0	0	0	0	0.606686	0	0	0	0	0	0.36073	0	0	0	0	0	0	0	0	0	0	0	0	0	0	0	0	0	0	0	0	0	0	0	0	0	0	0	0	0	0	0.491184	0.338696	0	0.358188	0.380428	0	-1.17333	-1.21869	-0.341904	-1.50772	-1.16067	-0.107468	-0.247629	-0.563115	-0.657501	-0.323106	-0.59029	-0.483882	-1.50603	-1.43776	-1.10667	0	-0.108434	-0.885495	-1.00309	-0.569786	-0.0336483	-1.96549	-0.777087	0	-1.06015	
0.208779	0	0	0	0	0	0.223579	0.539937	0	0	0	0	0	0	0	0	0.653404	0	1.11434	0	0	0	0	0	0.134306	0	0.990206	0	0.420294	0	0	0	0	0.229821	0	0	0	0	0	0	0	0	0	0	0.461941	0	0	0	0	0	0.516873	0	0	0	0	0.905957	0.482139	0	0.630184	0	0.17416	0	0	0	0.493852	0	0	0	0	0	0	0	0.569268	0	0	0.289303	0	0	0	0	0	0	0	0	0	0	0	0	0.404285	0	0.529186	0	0	0	0	0	0	0	0	0	-0.874571	-1.00941	-0.986503	-0.2817	-0.528333	-0.587046	-0.259349	-1.04784	-0.346177	-1.35619	-0.623677	-0.579439	-1.55401	-0.528687	-1.44439	-0.252266	-1.26526	-2.18149	-0.389276	-0.573281	-0.0551368	-0.263836	-1.03689	-1.53169	-0.415361	
0	0	0	0.341923	0.286759	0	0	0	0	0	0	0	0.678968	0.254722	0	0	0	0	0	0	0	0	0	0	0	0	0	0.589839	0.540361	0	0	0.194706	0	0	0	0	0	0	0	0	0	0	0	0	0	0	0	0	0	0	0	0	0.710982	0.688123	0	0	0	0	1.4503	0	0	0	0	0	0	0	0	0	0	0.668029	0.425806	0	0.585691	0	0	0	0.598451	0	0	0	0	0	0	0.181925	0	0.30975	0.370163	0	0.491695	0	0	0	0	0	0.542948	0	0	0	0.433583	0	-0.896797	0	-2.53545	-0.721266	-0.745757	-0.0125415	-0.325913	-0.571907	-0.279021	-0.906119	-0.650002	-0.0948914	0	-1.26707	-0.529	-0.899611	-0.808134	-1.97093	-0.454894	-0.475226	-1.17184	-0.287598	-1.28601	-3.11921	-0.33574	
0	0	0	0	0	0	0.250207	0	0	0	0	0	0.39025	0.474316	0	0	0	0	0	0.577936	0	0	1.00596	0.36738	0	0	0	0.29555	0	0	0	0	0	0	0	0	0	0	0	0	0.408722	0	0	0	0	0	1.40937	0.423889	0	0	0	0	0.335376	0	0	0	0	0	0.677054	0	0.338327	0	0.816656	0	0	0	0	0	0.356762	0	0.577264	0	0	0	0	0	0	0	0	0	0	0	0	0	0	0.52826	0	0	0	0	0	0	0.479686	0.364752	0	0.591374	0	0	0	0	-0.677675	0	-0.671032	-1.00135	-0.880427	-0.480396	-0.186758	-0.349801	-0.171582	-0.850146	-0.576208	-0.515866	-0.808104	-1.06504	0	-0.363854	-0.343875	-0.13833	-0.8772	-0.639598	-2.78353	-1.69919	-0.807612	-2.65382	-2.12794	
0	0	0	0	0	0.80514	0	0	0	0	0	0	0	0	0	0	0	0	0.589853	0.539452	0	0	0	0	0	0.508615	0.10766	0	0	0	0	0	0	0	0.275179	0	0.384792	0	0	0	0	0	0	0	0.640845	0	0	0	0.935404	0	0	0	0	0.858304	0.637918	0.198867	0	0	0	0	0	0	0	0	0	0	0	0	0	0	0	0	0.486375	0	0	0.272832	0.650857	0	0	0	0.415573	0	0.32066	0.650266	0	0	0.455283	0	0	0	0	0	0	0	0	0	0	0.473773	0	0	-0.819635	-0.740549	-1.05938	-1.69044	-1.20336	-0.652793	-2.8289	-0.935931	-1.27862	-0.71781	-0.568207	-0.0871929	-0.214086	0	-1.24735	0	-1.80156	-0.531038	-0.531112	-0.469638	-0.852301	-0.635886	-0.68227	0	-0.660482	
0	0	0	0	0	0	0	0.342887	0	0	0	0	0	0	0	0	0.436165	0	0	0	0	0	0.867087	0	0	0	0	0.402615	0	0.440258	0	0	0	0	0	0	0	0	0.31556	0.612162	0	0	0.522673	0	0	0	0	0	0.260386	0	0	0	0	0.655267	0	0	0.348277	0	0	0	0.366464	0	0	0	0	0.41964	0	0	0	0	0	0	0	0	0.484494	0	0	0	0	0	0.536338	0	0	0	0	0.907653	0	0	0	0	0	0	0	0.346851	0	0.761383	0.109485	0	0.492784	0	-0.505917	-0.911374	-0.708844	-1.51282	-1.10924	-0.114242	-0.00125537	-1.16307	-0.823934	-2.84998	-0.753098	-0.570737	-0.916547	-0.00125537	-0.274903	-0.869061	-0.0958658	-0.0315873	-0.75867	-0.65982	-0.896662	-0.704756	-0.827421	-1.26659	-1.30078	
0	0	0	0.610575	0	0.418639	0	0.386185	0	0	0	0	0	0	0	0	0	0	0.316937	0	0.605779	0	0	0	0	0.906422	0.266966	0	0	0	0	0.400601	0	0	0	0.473619	1.21065	0	0	0	0.423892	0	0	0	0	0	0	0	0	0	0	0	0	0	0	0	0	0	0	0	0	0.243722	0	0.74501	0.174419	0	0.807944	0.228548	0	0	0.312764	0	0	0	0	0.48394	0	0	0	0	0	0	1.01814	0	0	0	0	0	0	0.29312	0	0	0	0	0	0	0	0	0	0	-1.18533	-0.278822	-0.898233	-1.52177	-0.945937	-1.93864	-0.596335	-0.993303	-0.967719	-0.441817	-0.654185	0	-1.25878	-1.09035	-0.994956	-0.6433	-0.88492	-0.060339	-0.541856	-0.857707	-1.04091	-1.26877	-0.516044	-0.493798	-0.254301	
0	0	0	0	0.794749	0	0	0	0	0.369168	0.380217	0	0	0	0	0	0	0	0	0.328279	0	0	0	0.368769	0	0	0.324162	0	0.994531	0	0	0	0	0	0	0	0	0	0	0	0	0	0	0	0	0	0	0	0.379282	0.190675	0	0.232067	0	0	0	0	0.811013	0.235421	0	0	0	0	0.069395	0	0	1.22771	0	0	0	0.230969	0	0	0.334578	0	0	0.665994	0	0	0	0	0	1.11992	0	0	0	0.5376	0	0	0	0	0	0	0	0	0	0	0.822943	0	0	0	-0.545834	-0.708491	-0.68745	-0.488932	-1.31292	-0.999264	-0.337175	-2.47637	-0.399019	-1.29401	-0.376301	-0.80947	-0.547813	-0.350748	-1.02677	-0.876769	-0.261584	-0.267033	-0.892315	-0.688724	-1.68021	-1.07551	-0.193483	-1.33492	-0.786316	
0	0	0	0.283206	0.375704	0.860186	0.286893	0.150189	0	0.620706	0	0	0	0	0	0	0	0	0	0	0	0.424741	0.336845	0	0	0	0	0	0	0	0	0	0	0	0	0	0.423856	0	0	0	0	0	0	0	0	0	0	0	0	0.443867	0	0	0	0	0	0	0	0	0	0	0	0	0	0	0	0	0	0	0	0	0	0.527022	0	0.503578	0.258459	0	0	0	0.303648	0	0	0	0	0.880375	0	0	0.807075	0	0	0.721221	0.329697	0	0.229927	0	0	1.114	0	0	0	0	-0.365105	-0.739764	0	0	-0.724244	-1.70247	-1.03891	-0.745213	-1.05071	-0.76094	-1.37521	-0.503413	-0.387783	-0.609755	-0.631835	-0.44913	-1.34868	-0.0623601	-1.56258	-0.866511	-1.0998	-0.890679	-0.755256	-0.238969	-1.97263	
0	0.269199	0	0	0	0	0	0.350116	0	0	0	0	0	0.50879	0	0	0	0	0	0.802407	0	0	0.60567	0.149818	0	0	0	1.03456	0	0	0.366341	0	0	0.466177	0	0	0	0	0	0	0.326981	0	0	0	0	0	0	0	0.251131	0	0	0.382055	0	0.605368	0	0	0.227225	0	0	0	0	0.18331	0	0	0	0	0	0	0	0.412192	0	0	0	0	0	0.269796	0	0	0	0.391969	0	0	0.137717	0	0	0	0	0	0	0	0	1.22765	0	0	0	0	0	0	0	0	-0.145602	-1.0756	-0.143255	-1.53896	-0.632811	-1.6752	-1.28713	-0.512982	-0.362858	-0.598716	0	-1.20271	-0.619862	-0.139076	-0.393363	-0.595003	-0.558071	-0.549702	-0.858728	-0.708677	-0.740434	-2.08397	-0.282441	-0.592656	-1.67079	
0.324936	0	0	0	0.534145	0.633009	0	0	0	0	0	0	0.40758	0.536764	0.117165	0	0	0	0	0	0.598506	0	0	0.625966	0	0	0	0	0	0	0.280619	0	0	0	0	0	0	0.388844	0.561161	0	0	0.238115	0.344856	0	0.215951	0	0	0	0	0	0	0	0	0.168005	0.301591	0	0	0	0	0	0	0	0.637404	0	0	0	0	0	0	0	0	0	0.458485	0	0	0	0	0.511546	0	0	0	0	0	0	0	0	0.636063	0	0	0	0	0	0	0	0	0	0	0	0	0	-1.00379	0	-0.938288	-0.416922	-0.415888	-0.168306	-0.956031	-0.650409	-0.3468	-0.663747	-1.16718	-0.360638	-0.708856	0	-1.02412	-0.112292	-1.27437	-0.360052	-1.6445	-0.911679	-1.12092	-1.5828	-1.2237	-0.231933	-1.2376	
0	0	0	0	0	0	0.382271	0	0	0	0	0	0.681341	0	0	0.475455	0	0	0	0	0.328115	0	0	0	0	0	0	0	0	0.358608	0	0	0	0	0	0.383129	0	0	0	0	0	0.737314	0.507508	0.244499	0	0.213493	0	0	0	0	0	0.510148	0.914076	0	0	0	0	0	0.720387	0	0	0	0	0.318012	0	0.591377	0	0	0	0	0	0	0	0.168911	0	0	0	0	0	0	0.234946	0.583654	0	0.612142	0	0	0	0.50908	0	0	0	0	0	0	0	0	0	0	0	0	-1.25664	-0.122905	-0.678507	-1.0471	-0.552366	-0.134145	-0.665122	-0.912264	-1.59276	-1.12741	-1.52861	-0.0302691	-0.773476	-0.859422	-1.02851	-0.401482	-0.776304	-1.29019	-0.529699	-0.774594	-0.298036	-0.697937	-0.714048	-1.2264	-0.456271	
0	0	0	0.368845	0	0.333088	0	0	0	0	0.494025	0	0.711619	0	0	0.110748	0	0	0	0	0	0	0	0	0.579365	0	0	0.784903	0	0	0	0	0	0.46978	0	0.583605	0.445123	0	0.247393	0	0	0	0	0	0	0.709629	0	0	0	0	0	0	0	0	0.4797	0	0	0	0	0	0	0.341304	0	0	0	0	0	0	0	0	0.484922	0	0.593624	0	0	0.375945	0	0	0	0	0	0	0	0.442072	0	0	0	0	0	0	0	0	0.357064	0	0	0	0	0	0	0.612757	-0.763677	-0.800541	-1.40385	-0.741673	-0.181705	-0.433755	-1.51186	-0.888282	-0.707576	-0.623574	-1.7612	-0.478859	0	-0.527152	-0.75445	-0.146283	-1.57813	0	-0.290002	0	-1.04761	-0.77012	-2.2646	-1.45683	-0.394884	
0	0	0	0	0	0	0	0	0.301413	0	0	0.30136	0.492094	0	0	0	0	0.861293	0	0	0	0.677884	0	0	0	0.602657	0	0.485771	0	0.675038	0.346894	0	0	0	0	0.625559	0	0	0	0	0	0	0	0	0	0	0	0	0	0	0	0	0	0	0	0	0	0	0	0	0.368176	0	0	0	0.425541	0.7204	0	0	0	0	0	0	0	0.508086	0	0	0	0	0.325648	0	0	0	0	0.527329	0	0.347448	0	0	0.545289	0	0.360299	0	0	0	0	0	0	0.212972	0	0	-0.967871	-0.959441	-0.585224	-1.09505	-0.368267	-0.188495	-0.951698	-0.631423	-0.944089	-1.45993	-1.35245	-1.23501	-1.00214	-0.638162	-0.395196	-0.694095	-0.460971	-1.4791	-0.760339	-0.458737	-0.159426	-0.915313	-0.961421	-0.410004	-0.637296	
0	0.449457	0	0	0	0	0	0	0	0	0.598699	0	0	0	0	0	0	0	0	0	0.415639	0.195989	0	0	0	0.190195	0.52183	0.321773	0	0	0.657379	0	0	0.54147	0	0	0	0.545564	0.307557	0	0	0	0	0	0	0	0.615889	0	0	0	0.235097	0.652387	0	0	0	0	0	0.327142	0	0	0	0	0.351367	0	0	0	0	0	0.413129	0	0	0	0	0	0	0	0.622706	0	0	0	0.455148	0	0	0.398383	0	0	0	0	0	0	0	0	0	0	0	0	0	0	0	0	-1.16483	0	-0.847402	-1.39955	-0.191865	-2.48126	-0.491066	-0.214107	-0.472877	-0.897007	-0.822177	-0.557007	-0.408898	-0.551341	-0.341572	-1.14563	-1.29077	-0.362178	-0.980665	-0.541663	-1.08213	-1.86709	-0.356431	-0.0799469	-0.269375	
0	0	0.330421	0	0.588396	0	0	0.281108	1.06422	0.487885	0	0.204944	0	0	0	0	0	0.847269	0	0	0	0	0	0.580798	0	0	0.617388	0.859402	0	0	0	0	0	0	0	0	0	0	0	0	0	0	0	0	0	0	0.423901	0	0	0	0	0	0	0	0	0	0.726397	0	0.287481	0	0	1.12222	0	0	0	0.379341	0.650319	0	0	0	0	0	0	0	0.600808	0	0	0	0.472876	0	0	0	0	0	0	0	0	0	0	0.436087	0.217051	0	0	0	0	0	0	0	0	0	-0.253413	-1.2724	-0.769698	-0.496831	-0.795475	-1.09946	-0.0664263	-1.21703	-1.42986	-2.5469	-0.0130117	-0.684096	-1.38768	-0.716175	-0.363515	-1.0439	-0.000409643	-0.739748	-0.483128	-0.783767	-0.872089	-0.000409643	-1.2963	-0.906369	-1.94021	
0	0	0	0	0	0	0	0	0.768159	0.480294	0	1.05471	0	0	0	0	0	0	0	0	0	0	0	0	0	0	0	0	0	0	0	0.549472	0	0	0	0.34065	0	0	0	0	0	0	0	0	0.241073	0	0	0	0	0	0	0	0	0	0	0	0	0	0	0.377416	0.443851	0	0.315713	0.162966	0	0.826941	0	0	0	0.750309	0	0	0	0	0	0	0.944675	0	0	0.47263	0	0.303167	0	0.296379	0	0	0	0.376628	0	0	0.29104	0	0	0.846157	0	0.130468	0	0	0	0	-1.06844	-0.370961	-1.00046	-0.442722	-0.92919	-1.26528	-0.788832	-1.39343	-0.353025	-0.068292	-0.885903	-0.886013	-0.471062	-1.20134	0	-1.24484	-0.655159	-0.475958	-1.01498	-1.38991	-1.59225	-0.462995	0	-0.70158	-1.31052	
0	0	0.2471	0	0	0	0	0	0	0	0	0	0.440099	0	0	0	0	0.370874	0	0	0	0	0	0	0	0	0	0	0	0.470863	0	0.428743	0	0	0	0	0	0	0	0	0.181672	0.760815	0.777651	0	0	0	0	0	0.279477	0	0	0	0	0	0	0	0	0	0.387282	0	0	0	0	0.872208	0	0	0	0	0.372788	0	0.343651	0	0	0	0	0.568729	0	0	0	0	0	0.551226	0.527825	0	0	1.14794	0	0	0.579632	0.439099	0	0	0	0	0.497529	0	0	0	0	0	-0.844792	-0.254247	-1.92968	-0.909174	-0.839329	-0.429055	-0.304131	-0.718672	-1.08266	-0.597751	-0.624626	-0.481459	-2.53014	-1.41573	-0.638554	-0.340405	0	-1.3694	-0.704244	-0.523243	-0.872717	-0.392235	-0.104225	-2.03613	-0.302972	
0	0.727345	0	0	0	0	0.449102	0	0.269087	0	0	0	0	0	0.604964	0	0	0	0.593142	0	0	0.276047	0	0.361731	0	0	0	0.489065	0	0	1.76839	0	0	0	0	0	0	0	0	0	0	0	0.638093	1.16001	0	0	0	0	0	0	0	0	0	0	0	0.122336	0	0	0	0	0.235224	0	0	0	0.426846	0.68462	0	0	0	0.826785	0	0	0	0	0.72266	0.427853	0	0	0	0	0.426517	0	0	0	0	0	0	0	0	0	0	0	0	0	0	0	0	0	0	0.705192	-0.413734	-1.06743	-0.365973	-1.10314	-1.05179	-1.88363	-0.50832	-1.61404	-2.05703	-3.12781	0	-0.777095	-0.245891	-0.743773	-1.11409	-0.803501	-0.591055	-1.26751	0	0	-0.448994	0	-0.804608	-0.954072	-0.972541	
0	0	0	0.400716	0	0	0	0	0	0	0	0	0	0	0.705759	0.324119	0.324365	0	0	0	0	0	0	0	0	0	0	0	0	0	0.332858	0	0	0	0	0	0	0	0	0	0	0.476275	0	0.346437	0	0	0	0	0	0	0	0	0	0	0	0	0	0	0	0.412483	0	0.217153	0.213982	0	0	0.779316	0	0	0	0.27693	0.284409	0	0	0.411939	0	0	0	0.282682	0	0	0	0	0.466554	0	0	0	0.398833	0	0	0	0	0	0	0	0	0.656806	0	0.401883	0	0.583028	-0.612506	-0.698792	-0.304143	-1.13002	-0.66539	-1.07089	-1.39033	-1.34522	-0.392684	-0.775422	-0.678147	-0.28233	-1.81334	-0.92201	-0.78467	-0.591266	-0.370809	-0.67879	-0.655496	-0.764904	-0.778939	-0.168605	0	-0.677038	-0.744989	
0	0	0.244939	0	0	0	0	0	0	0.640898	0	0	0	0	0	0.572718	1.11127	0	0	0.808884	0	0	0	0	0	0.581954	0	0	0	0	0	0	0	0	0.17757	0	0	0	0	0	0.280899	0	0	0.301859	0	0	0.287444	0	0	0.368491	0	0	0	0	0	0	0.198548	0	0.41396	0.299368	0	0	1.11358	0	0	0	0	0	0	0	0	0	0	0.47979	0	0	0	0	0	0	0.47597	0	0	0	0	0	0	0.32908	0.845614	0.206181	0	0	0	0	0	0	0	0	0	0	-0.732672	-0.650665	-0.142845	-0.24554	-1.07618	-1.09641	-0.344998	-0.887952	-0.777154	-0.00189553	-0.771362	-1.82834	-0.819601	-0.97545	-1.05629	-0.0238056	-1.04106	-2.23332	-0.307364	-1.66452	0	-1.92022	-0.32236	-0.0683383	-0.750868	
0	0	0	0.160637	0	0	0	0	1.34232	0.227832	0	0	0	0	0	0	0	0	0	0.233826	0.175687	0	0	0	0	0	0	0.270286	0	0	0	0	0.458601	0	0	0	0	0	0.638537	0	0	0	0	0	0.56074	0	0	0	0.837326	0.282471	0	0	0	0	0	0	0	0.648245	0.66414	0	0	0	0	0	0	0	0	0.50922	0	0	0	0	0	0	0.954715	0.61857	0	0	0	0	0.559935	0	0	0	0	0.459871	0	0	0	0	0	0	0.403448	0	0	0	0	0.152952	0	0	-0.244582	-1.25483	-0.239043	-0.690984	-1.53392	-0.443402	-0.116333	-0.836446	-0.811051	-1.82161	-0.651782	-1.19867	-0.665054	0	-0.663648	-1.28474	0	-1.03032	-0.305828	-1.3532	-0.514919	-0.40758	-1.90083	-1.15045	-1.04078	
0	0	0.5082	0	0.798353	0	0.623985	0	0.334249	0	0	0	0	0	0	0	0	0	0	0.633619	0	0.184494	0	0	0	0	0	0	0	0	0	0	0	0	0	0	0.524502	0	0	0	0	0	0.397359	0	0	0	0.304849	0	0	0.566041	0.523572	0	0	0	0	0	0	0	0	0.306741	0	0	0	0	0	0	0	0	0	0.601036	0	0	0.871831	0	0	0	0	0	0.342091	0	0	0.505819	0	0	0	0	0.222803	0	0.191057	0	0.758737	0	0	0	0	0.406878	0	0	0	0	-0.491458	-2.01033	-0.536091	-0.480364	-1.20286	-0.315988	-0.541572	-1.84838	-0.366633	-1.9213	-0.890227	-0.461874	-0.656927	-1.63995	-0.909804	-0.654476	0	-0.765157	-0.501123	-1.04814	-0.097984	-0.702222	-0.653264	-0.557314	-0.353032	
0	0	0	0	0	0.478575	0	1.23752	0	0	0	0	0.338503	0	0	0	0	0	0.217279	0	0	0	0.768923	0	0	0	0	0	0	0.678084	0	0	0	0.552623	0.669614	0	0.602687	0.230448	0	0	0	0.314628	0	0	0	0.356258	0	0.762516	0	0	0.337149	0.948531	0	0	0	0	0	0	0	0	0	1.13075	0.543275	0	0	0	0	0	0	0	0	0	0	0	0	0	0	0.565905	0	0	0	0	0	0	0	0	0.227341	0	0	0	0	0	0	0	0	0	0	0	0.255738	0	-0.941777	0	-1.72996	-0.829877	0	-0.641766	-0.494262	-1.16412	-0.533692	-1.33005	-0.710626	-0.56023	-0.377602	-1.3558	-0.523905	-1.14739	-1.24092	0	-0.72952	-0.796157	-1.70816	0	-1.49895	-1.73387	-1.16847	
0	0	0	0	0	0.397337	0	0	0	0.235341	0.254993	0.597013	0	0	0	0	0	0	0.449133	0	0	0	0	0	0	0	0	0	0	0	0	1.37081	0	0	0	0	0	0	0.158332	0	0	0.567981	0	0	0	0	0	0	0.566372	0	0.30627	0	0	0	0	0	0.229982	0	0.81006	0	0	0	0	0	0	0	0	0	0	0	0	0	0	0	0.328927	0	0	0.632736	0	0.264337	0	0	0.920974	0	0	0	0	0	0	0.316998	0.964248	0.255965	0	0	0	0	0	0	0	0.830702	-1.44173	-0.144188	-1.09599	-0.976133	-0.338963	-0.738516	-0.363084	-0.709695	-1.16728	-0.845719	-0.725076	-0.820516	-2.30779	-0.853713	-1.42444	-0.723176	-0.197917	-0.50951	-0.571663	-0.430906	-0.819407	-0.996826	-0.667891	-1.02459	-0.563795	
1.12365	0	0	0	0	0	0	0.697628	0	0	0	0.287466	0	0	0	0	0	0	0	0	0	0	0	0	0	0.504508	0	0.801641	0.3293	0	0	0.490914	0.252876	0	0	0	0	0	0	0.438161	0	0	0	0	0	0	0	0.119311	0	0	0	0.39306	0.235208	0	0	0	0	0	0	0	0	0.822457	0	0.296985	0	0	0	0	0	0	0	0	0	0	0	0	0.237908	0.345925	0	0.384237	0	0	0	0	0	0.24309	0	0.272833	0	0	0	0	0	0	0	0	0	0.316618	0	0	-0.589261	-0.92392	-2.34172	-0.762771	-0.000443766	-0.000443766	-0.157363	-1.55911	-0.621825	-1.19029	-0.420098	-0.893303	-0.0681887	-0.978902	-0.2598	-1.24435	-1.21519	-0.121236	-0.614292	-0.618208	-0.247001	-0.45442	-1.2531	-0.505251	-1.55328	
0	0	0	0.339291	0	0	1.09027	0.799595	0	0	0	0	0	0.347222	0	0	0.400051	0	0	0	0	0	0.260048	0	0	0	0	0	0	0	0.421673	0	0	0	0.324033	0	0	0	0	0	0	0	0	0.525175	0	0	0	0.755832	0	0	0	0	0.21892	0	0	0	0.471418	0	0	0	0	0	0	0	0	0.178718	0	0	0	0.306872	0	0	0.204244	0	0.486541	0	0	0	0	0	0	1.01065	0	0	0	0	0	0	0	0	0.542177	0	0	0.405551	0.413534	0	0	0	0	0	-0.938413	-1.57377	-0.729567	-0.923463	-0.323152	-0.529203	-0.686029	-1.26684	-0.534108	-1.86089	0	-1.46151	-0.590202	-1.50916	-0.785108	-0.466099	0	-0.418486	0	-0.438931	-0.129734	-0.752027	-0.823646	-2.13858	-0.623698	
0	0	0	0.466952	0	0	0	0	0	0	0	0	0	0.507295	0	0	0	0	0	0	0.156473	0.687791	0	0	0	0	0	0	0	0	0.827953	0	0	0	0	0	0	0	0	0	0	0.344056	0.87859	0	0	0	0	0	0	0	0	0.211374	0.904148	0	0.585328	0	0	0	0	0	0.568591	0	0	0	0	0	0	0	0	0	0	0.521277	0.501511	0.371432	0	1.12238	0	0.43568	0	0	0	0	0	0	0	0	0	0	0	0	0	0.687362	0	0	0	0	0.601989	0.465479	0	0.307096	-0.849883	-0.612451	-0.732189	-0.655334	-0.174375	-1.16871	-1.08597	-1.53139	-0.904164	-0.482818	-0.463452	-0.476183	-1.08247	-0.602379	-0.571238	-0.614271	-0.732303	-0.0253801	-1.61969	-1.09452	-1.57501	-0.279498	-0.543734	-2.03508	-1.24027	
0.616956	0	0.440295	0	0	0.726756	0	0	0	0	0.397228	0	0	0	0	0	0	0.358971	0	0	0	0	0	0	0.609553	0	0	0	0	0.585148	0	0	0.290862	0	0	0	0	0.33482	0	0	0	0	0.220205	0	0	0	0	0.729325	0	0	0	0	0	0.388137	0	0.337347	0	0	0	0	0	0	0.579375	0	0	0	0	0	0	0	0.719221	0	0	0	0	0	0	0	0	0	0	0	0	0	0	0	0	0	0.454828	0.347762	0	0	0	0.363309	0	0.574288	0	0.404337	0	0	-1.13874	-0.486419	-0.586514	-1.02717	-1.61567	-0.240173	-0.421635	-0.227906	-0.267469	-0.219164	-0.695109	-0.107067	-1.29317	-2.09848	-2.54438	-0.294201	-0.539203	-0.000512286	-0.608893	-1.36498	-1.2556	-0.632126	-0.350446	-0.546131	-0.917559	
0.467275	0	0	0.477655	0.437242	0	0.302356	0.156746	0	0	0	0	0.715754	0	0	0	0	0	0.422211	0	0	0	0	0	0.447595	0	0	0.661652	0	0	0	0	0	0.464393	1.02696	0	0	0.59047	0	0	0	0	0	0	0	0	0	0	0	0	0	0	0	0	0	0	0.244259	0	0	0	0	0	0	0	0	0.695931	0	0	0	0	0	0	0	0.447705	0	0	0	0	0	0	0	0	0	0	0	0	0	0.283103	0	1.00828	0.236944	0	0	0.656458	0	0	0	0.254897	0	0	-0.434822	-0.14806	-0.614653	-0.109664	-1.2552	-1.15527	-0.447378	-1.14647	-0.909768	-2.90953	-0.295462	0	-0.0380202	-0.739756	-0.0348531	-1.57157	-1.76551	-1.107	-2.09417	-0.0193455	-0.53879	0	-1.17404	-0.588546	-0.900669	
0	1.62509	0	0	0	0.228899	0	0	0.297163	0	0.355451	0	0	0	0	0	0	0	0	0	0	0	0	0	0	0	0	0.356678	0	0	0	0	0	0	0.262633	0	0	0	0	0.184723	0	0	0	0.225979	0	0	0	0	0	0	0	0	0	1.05752	0.192895	0	0	0	0	0	0	0	0	0	0	0	0	0.712303	0	0	0	0	0	0.295102	0	0	0.55572	0	0	0.424189	0	0	0.158932	0	0	0.741504	0	0.657218	0	1.1076	0.26768	0	0	0.677504	0	0	0	0	0	0	-0.556154	-0.164341	-0.744809	-0.163776	-1.7452	-3.13698	0	-0.990188	-2.15015	-1.47595	-0.195515	0	-0.129581	-0.770027	-1.11843	-0.977935	-1.65302	-1.00685	-0.575966	-0.242507	-0.720763	0	-0.249887	-0.970652	-0.647389	
0	0.627429	0	0	0.216794	0	0	0.303269	0	0	0.423232	0	0	0	0	0	0.49022	0	0.540604	0.503258	0.809815	0	0	0	0	0	0	0	0	0	0.296854	0	0	0	0.451004	0.344222	0	0	0	0	0	0	0	0	0	0	0	0	0	0	0	0	0	0.285077	0	0	0.365314	0	0	0.466622	0	0	1.36333	0	0	0	0	0.416843	0	0	0	0	0	0	0	0	0	0	0	0	0	0	0.818144	0	0	0	0	1.19268	0	0	0	0	0.131595	0.354563	0	0	0	0	0	0	-0.832088	-0.654495	-1.28091	-0.877421	-0.942425	-1.44911	-0.335099	-0.672973	-0.53881	-0.205634	-0.582711	-1.38259	-2.02933	-0.880875	-1.48554	-0.0520755	-0.573669	-0.216826	-0.445736	-0.845767	-1.34079	-0.498888	-0.550889	-0.171461	-1.55476	
0	0	0	0	0	0	0.874879	1.16455	0.316401	0.432264	0	0	0	0	0	0	0	0	0	0	0.377497	0	0	0	0	0.757363	0	0	0	0	0	0	0.601544	0	0.401539	0	0	0	0	0	0	0	0	0	0	0.704699	0.619073	0	0	0	0	0	0	0	0	0	0	1.02078	0	0.359418	0	0.806039	0	0	0	0	0	0	0	0	0	0.314409	0	0	0	0.423867	0	0	0	0	0	0	0.493966	0.343547	0	0	0.449039	0	0	0	0.239352	0	0.384448	0	0	0	0	0	0	0	-0.623826	-1.6001	-1.00898	-0.657422	-0.305841	-1.25452	-0.520696	-0.928018	-1.01597	-0.494464	-0.247824	-0.904552	-1.7354	-1.58338	-0.748705	-0.269422	-0.465787	-0.527538	-0.400075	-0.859532	-1.08895	-0.547993	-1.06142	-1.42437	-0.809897	
0	0	0	0	0	0	0	0	0	0.661561	0	0	0	0.404365	0.896524	0.337138	0.736003	0	0	0	0	0	0	0	0	0	0	0	0	0	0	0	0.442562	0	0.514104	0	0	0	0	0	0	0.723558	0.606984	0	0.322214	0	0	0	0	0	0	0.608331	0.493364	0	0	0	0	0	0	0	0	0	0.318925	0	0	0	0	0	0	0.45616	0	0	0	0	0	0	0	0	0	0.556379	0	0	0	1.09167	0	0	0	0	0.54924	0	0.534701	0	0	0	0	0	0	0	0.290184	0.300402	-1.08667	0	-0.665562	-0.114486	-0.376086	-1.7788	-0.526886	-0.463077	-1.9586	0	-2.0988	-0.647265	-1.13414	-0.782624	0	-0.345171	-1.03717	-0.798964	-1.54734	-2.11587	-1.66474	-0.894054	-0.271546	-0.231987	-0.305648	
0.30728	0	0	0	0	0	0	0	0	0	0	0	0.583286	0	0	0	0	0	0	0	0	0	0	0	0	0	0	0	0	0.660574	0	0	0	0.213194	0	0	0	0.831305	0	0	0	0	0.721624	0	0.490106	0	0.385818	0.385902	0	0	0	0	0	0	0.717193	0	0	0	0.419387	0	0.330001	0	0	0.29367	0	0	0	0	0	0	0	0	0	0	0.372799	0	0.415669	0	0	0	0	0.568994	0	0	0	0	0	0	0	0.414938	0	0	0	0	0.864429	0	0	0.346602	0.495897	0	-0.579938	-0.61254	-0.926862	-0.422141	-1.95027	-0.327707	-1.77059	-0.556493	-0.0255845	-2.0614	-0.691299	0	-0.456048	-0.519008	-0.340378	-1.035	-0.381236	-2.40139	-1.49986	-0.57456	-0.781594	-0.127288	-0.489769	-1.23699	-0.0508319	
0.571215	0	0	0	0	0	0	0	0	0	0	0	0	0	0	0	0.294438	0	0	0.280126	0	0	0	0	0.490424	0	0	0.259528	0	0	0	0.419934	0	0	0	1.12076	0	0.340717	0.449542	0	0.38503	0	0	0	0	0.765778	0	0	0	0	0	0	0	0	0	0	0	0.684006	0	0	0	0.549454	0.266476	0	0.34993	0	0	0	0	0	0	0	0	0	0	0	0	0	0.49555	0	0	0	0.844986	0	0	0	0	0	0	0	0.568239	0	0	0.579946	0.375496	0	0	0	0	0	-0.767372	-0.30124	-0.510515	-0.68253	-0.627106	-0.603119	-0.338025	-0.517953	-0.304533	-0.543191	-1.60439	-0.106625	-1.12841	-0.477187	-0.00716209	-1.18758	-0.130631	-1.72057	-3.34682	-0.738795	-1.4045	-1.51922	-0.333166	-0.541303	-0.649632	
0	0.548012	0	0.395522	0	0.17016	0	0	0	0	0	0	0	0	0	0	0	0	0	0	0	0	0	0.151824	0.722281	0	0	0	0	0	0	0	0.887812	0	0	0	0	0	0	0	0	0	0	0.477325	0.216861	0	0	0.249383	0	0	0	0	0	0.449531	0	0	0	0	0	0	0	0	0	0	0	0	0	0.416238	0.908536	0	0	0	0.246732	0	0	0.422229	0	0.582819	0	0	0	0.995046	0.106245	0.687956	0	0.891197	0	0	0	0.21192	0	0	0	0	0	0	0	0	0	0	-0.545009	0	0	-0.163988	-0.849833	-2.30814	-1.85925	-0.93168	-1.01891	0	-0.67221	-1.01454	-1.10355	-0.722663	-0.32268	-1.37196	-1.38051	0	-1.05156	-1.17289	-1.93492	-0.0269265	-0.427733	-0.859912	0	
0.595186	0	0	1.14998	0.643799	0.705359	0	0	0	0	0	0	0	0	0	0	0.375132	0.369004	0	0	0	0.487979	0	0	0	0	0	0	0	1.66195	0	0	0.168989	0.488105	0	0	0	0	0	0.701639	0	0	0	0	0	0	0	0	0	0	0	0	0.222142	0	0	0	0	0	0	0	0.335333	0	0	0.701031	0	0	0	0	0	0	0	0	0	0	0.948009	0	0.892689	0	0	0	0	0	0	0	0.426123	0.707681	0	0	0	0.74979	0	0	0	0	0	0	0.771263	0	0	0	-1.03748	-0.321226	-0.832125	0	-1.01826	-0.77197	-0.202345	-1.72674	-0.70248	-1.31247	-1.3535	-0.209691	-1.74101	-0.610583	-1.29808	-0.858632	-0.774222	-1.24863	-0.373727	-0.688276	-0.534452	-0.441746	-2.15649	-1.36803	-1.51916	
0	0.349661	0.882166	0	0	0	0	0	0.352855	0	0	0	0.850488	0	0.553348	0.577228	0	0	0.428144	0	0	0.23433	0	0	0	0	0	0	0	0	0	0	0	0	0	0.559541	0.352393	0	0	0	0	0	0	0	0	0	0.556914	0	0	0.307427	0.657072	0	0	0	0	0	0	0	0	0	0	0.481448	0.246501	0	1.04023	0	0	0	0	0.21484	0	0	0	0	0	0	0	0	0	0	0	0.318499	0	0	0	0	0	0	0	0	0.345823	0	0	0	0.461748	0	0	0	0	0	-0.894055	-1.79688	-0.30213	-0.412919	-1.03069	-0.962383	-0.476696	-1.45462	-0.70726	-1.45408	-0.147009	-0.15664	-0.760337	-1.89785	-1.18698	-0.987072	-0.528541	-1.20222	-1.56002	-0.226588	-0.0284902	-0.201348	-0.347649	-0.0916877	-0.956509	
0.316269	0.938395	0	0.912334	0	0	0.635364	0	0	0	0	0	0	0	0	0	0	0	0.32852	0.795979	0	0	0	0	0	0	0	0	0	0.63938	0	0.41506	0.519521	0	0.193725	0.449924	0	0	0	0	0	0	0.893552	0	0	0	0.784103	0	0.379277	0	0	0	0	0	0	0	0.551828	0	0	0	0	0	0	0	0.853166	0	0	0.636281	0	0	0	0	0	0	0	0	0	0.154799	0	0	0	0	0	0	0	0	0	0.315497	0	0.284065	0	0	0	0	0	0	0	0	0	0	-1.1908	-1.49748	-0.994452	-0.165492	-0.556285	-1.74193	-1.0538	-1.13049	-0.81316	-0.97623	-0.000264252	-0.513058	-0.954317	-1.03952	-2.52772	-2.12342	-0.285069	-1.17827	-0.163275	-0.348402	-0.000264252	-0.366329	-0.219869	-0.824931	-0.332211	
0	0.390478	0	0	0	0	0	0	0.646729	0	0	0	0	0	1.1813	0	0	0	0	0	0	0	0	0	0.690769	0	0	0	0.984643	0	0	0	0	0	0.287514	0.431324	0	0	0	0.481271	0.346413	0	0	1.04784	0	0.308064	0.410473	1.2466	0	0	0	0.398325	0	0	0	0	0	0	0.366467	0	0.419419	0	0	0	0.311582	0	0.399503	0	0	0	0	0	0	0	0	0	0	0	0.504961	0	0	0	0	0	0	0	0	0	0	0	0	0	0.770772	0	0	0	0	0	0	0	-0.611707	-0.498833	-0.719262	-0.714225	-0.673548	-1.21739	0	-1.26609	-0.898983	-0.810619	-1.57801	-0.0457176	-1.10207	-1.51852	-0.584314	-0.231795	-1.08117	0	-1.47002	-0.739384	-2.62506	-0.52268	-0.731959	-0.849565	-1.13396	
0	0	0	0	0	0.752471	0	0	0	0	0	0	0	0.516244	0	0	0.224101	0	0	0	0	0	0.745031	0	0.276026	0	0	0.528867	0	0	0	0	0	0.44592	0.29316	0	0	0	0.431204	0	0	0	0	0	0	0.465968	0	0	0	0	0	0	0	0	0	0	0	0	0	0	0	0	0	0	0	0.682928	0	0	0	1.03336	0	0	0	0	0	0.328137	0	0	0	0	0	0.474661	0	0	0.392865	0	0	0	0.381933	0.346766	0	0	0.274203	0	0.421558	0	0.368526	0	0	0	-1.31094	-0.360823	-0.995685	-0.0407602	-1.33645	-0.0429036	-0.821404	-0.414883	-0.901554	-0.986985	-0.568892	-0.47632	0	-0.122623	-0.487907	-0.927387	-1.03056	-0.985711	-1.09253	-0.82802	-1.92449	-1.72193	-0.661469	-0.831488	-0.512432	
0.498146	0	0	0	0	0	0	0	0	0	0.807415	0	0	0	0.566478	0	0.813196	0.47783	0	0	0	0	0	0	0	0	0	0.430093	0.513039	0	0.602099	0	0.923922	0	0.192139	0	0	0	0	0	0	0	0	0	0	0	0	0	0	0	0.343086	0	0	0	0	0	0	0	0	0	0	0	0	0.252809	0.715462	0	0	0	0.406791	0	0.541537	0	0	0	0	0	0	0	0	0	0	0.283267	0	0.45481	0	0	0	0	0.412684	0	0	0	0	0	0.455936	0.927237	0	0	0	0	-0.28747	-0.0825352	-1.14131	-1.13686	-0.26527	-0.745799	-0.14255	0	-0.851186	-0.490639	-1.13699	-2.45377	-0.55761	-0.820178	-0.00141028	-1.22193	-1.43546	-1.06439	-1.04726	-1.14252	-1.43329	-1.38659	0	-0.393123	-1.38059	
0	0	0	0.960757	0	0	0	0	0	0.127448	0	0.251046	0	0	0	0	0	0.451065	0	0	0	0	0.30837	0	0	0	0	0	0	0	0	1.25087	0	0	0	0.57774	0	0.613545	0	0	0	0	0.479572	0	0	0	0	0.703748	0	0	0.361169	0.590595	0	0.564893	0	0	0	0	0	0.581828	0	0	0	0.283647	0	0	0	0	0	0.824079	0	0	0	0	0	0	0	0	0	0.231357	0	0	0	0	0	0	0.459003	0	0	0	0	0	0	0	0.500991	0	0	0	0.523809	0	-0.791283	-0.41114	-2.29858	-0.399645	-0.0750384	-0.823996	-2.33035	-1.06314	-0.188638	0	-0.302442	-0.665977	-1.14652	-1.72014	0	-3.7898	-0.26283	-0.431293	-0.75846	-0.548059	-1.01484	-0.8033	0	-0.627078	-0.193247	
0.346286	0	0	0	0	0	0	0.452641	0	0	0	0	0	0.291528	0	0	0.254763	0	0	0	0.588297	0	0	0.675535	0	0	0	0	0.480818	0	0	0	0	0	0	0	0.523376	0.690804	0	0	0.669829	0	0	0	0	0	0	0.6964	0	0	0	0	0	0	0	0.852392	0	0.523863	0	0	0	0	0	0	0	0	0	0.47231	0	0	0.699301	1.19229	0	0	0	0	0	0	0	0	0	0	0	0	0.51375	0	0	0	0	0	0.345701	0	0.301151	0	0	0	0	0.331447	0	0	-0.362729	-0.332482	-1.82517	-0.453805	-0.665311	-0.595257	-0.729691	-1.30893	-0.743971	-0.66689	-1.6412	-0.428801	-0.422205	-1.02008	-0.910413	-0.992217	-1.41539	-0.0088717	-0.394429	-0.682734	-1.72699	-1.30499	-0.893866	-1.09309	-0.282959	
0	0.333286	0	0	0	0.345583	0	0	0	0.282701	0	0	0	0	0	0	0	0	0	0	0	0	0.55046	0.232362	0.493854	0	0.246989	0	0	0	0	0	0.749298	0	0	0	0	0.39373	0	0	0.778925	0	0	0	0	0	0	0.59658	0	0.431689	0	0	0	0	0	0.580091	0.289659	0	0.240719	0	0	0	0	0	0	0	0	0.196519	0	0	0	0	0	0	0	0	0.128165	0.165824	0	0	0	0	0	0	0	0	0	0	0	0	0	0	0.516043	0	0	0	0	0.27939	0	0	-0.369259	-1.6589	-0.000272934	-0.800698	-1.4637	-0.0152494	-1.11841	-0.227038	-0.449734	-1.11622	-0.694788	-0.688547	-0.705909	-0.832838	-1.64865	-0.450809	-0.861055	-0.306181	-0.350277	-0.261913	-0.663789	-0.457024	-1.05041	-0.556492	-1.0837	
0.489016	0.408998	0.313541	0	0	0	0	0.607955	0	0	0	0	1.07927	0	0	0	0	0	0	0	0	0	0	0	0	1.16962	0	0	0	0	0	0	0	0	0	0.584862	0	0.588535	0	0	0	0.820117	0	0	0	0	0	0	0	0	0	0	0	0.444374	0	0	0	0	0	0.973778	0.354903	0.527853	0.368414	0	0	0	0	0	0	0	0	0.249108	0	0	0	0	0	0	0.483993	0.296512	0	0	0.222303	0	0	0	0	0	0	0	0	0	0	0	0	0.262841	0	0	0.203614	0	-0.713947	-0.464393	-2.36366	-0.912784	-0.539092	-0.193737	-0.897709	-0.716587	-0.70064	-0.732373	-0.232287	-1.05224	-1.26241	-2.45342	-1.23774	-0.827606	-0.7792	-0.800332	-0.33502	-0.730426	-0.145851	-0.0416218	-0.742305	-1.01487	-0.559361	
0	0	0.522986	0	0	0	0	0	0.302858	1.01254	0	0	0.548809	0.639407	0	0	0	0	0	0.726355	0	0.214644	0	0	0.474204	0	0	0	0	0.831093	0	0	0	0	0	0.505344	0	0	0	0	0	0.318217	0	0	0	0	0.366681	0	0	0	0	0.44997	0	0	0	0	0	0.519027	0	0	0	0	0	0.591851	0	0.257713	0	0	0	0.241634	0	0	0	0	0	0	0.479454	0	0	0	0	0	0	0.511006	0	0	0	0	0	0	0	0	0	0.612871	0	0	0	0	0	0	-0.886403	-0.51119	-0.794	-0.962131	-1.06418	-1.09454	-0.871239	-0.593057	-0.808118	-0.000130623	-1.60827	-0.320581	-0.528813	-0.982243	-1.1542	-0.467991	-0.000130623	-0.545376	-0.862643	-1.24691	-1.27275	-0.706014	-1.76723	-0.634528	-0.444005	
0	0	0	0	0	0.387043	0.267341	0	0	0	0	0	0	1.10016	0.910792	0	0	0.522626	0	0.377564	0	0	0	0.254501	0	0	0	0	0	0	0	0	0	0	0.611305	0	0	0	0.576895	0	0.54058	0	0	0	0	0	0	0.281093	0	0.873531	0	0	0	0	0	1.20585	0	0	0.64821	0	0	0	0	0.894032	0	0	0	0.35156	0.511764	0	0	0	0	0	0	0	0	0	0	0	0	0.222044	0	0	0	0	0	0.415345	0	0	0	0	0	0.546432	0	0	0	0	0	0	-1.32495	-0.000657624	-0.0967113	-0.74493	-0.000657624	-1.10858	-0.0283401	-0.000657624	-0.718924	-0.000657624	-1.24701	-1.02691	-0.601942	-0.000657624	-0.000657624	-0.0952656	-0.612715	-0.863427	-1.89891	-2.02102	-3.74338	-0.113609	-1.9324	-1.88469	-1.43102	
0	0.518978	0	0	0	0	0	0	0.363957	0.572976	0	0	0	0	0	0	0	0	0.270758	0	0	0	0	0.317719	0	0	0	0.393979	0	0	0.513041	0	0	0	0	0	0.429005	0.490331	0.467846	0	0	0	0	0.373825	0	0	0	0	0	0	0	0	0	0	0	0.682374	0.230612	0	0	0	0	0	0	0	0	0	0	0	0	0	0	0	0.304706	0	0	0	0	0.828844	0	0	0	0	0	0	0	0	0.199919	1.00142	0	0	0	0	0	0	0	0.342968	0.50109	0	0	0.232167	-0.763084	-0.108703	-0.910768	-0.0632651	-1.02709	-0.00101144	-0.903127	-0.236756	-0.899445	-1.15247	-1.19095	-0.594499	-0.186661	-0.817073	-1.0138	-1.49046	-1.10516	-0.721074	-0.930531	-0.568479	-0.00101144	-1.09071	-1.7963	-0.707637	-0.756441	
0	0.826007	0	0	0	0	0	0	0	0	0.216761	0	0	0	0	0	0	0	0	0	1.16696	0	0.759454	0	0	0	0	0.485741	0	0	0.482577	0	0	0	0	0	0	0	0	0	0	1.14735	0	0	0.287062	0.300148	0	0	0.412013	0	0.397188	0	0	0	0.542085	0	0	0	0	0	0	0	0	0	0	0	0.441955	1.41216	0	0.294336	0	0.548723	0	0	0	0	0	0	0.204852	0	0	0	0	0	0	0	0	0.505818	0	0	0	0	0	0	0	0	0.161262	0.957064	0	0	-0.693531	-0.830156	-1.15157	-1.2647	-0.295561	-0.732785	-0.123412	-0.850919	-1.63124	-1.76269	-0.224321	-0.916104	-0.813532	-0.780901	-2.38325	-0.907836	-0.980334	0	-0.401598	0	-0.990027	0	-1.23158	-1.56683	-1.01744	
0	0	0	0	0	0	0.501258	0.473107	0	0.879542	0	0	0.776909	0	0	0.424229	0.405337	0	0	0	0	0	0.43713	0	0	0	0	0	0.476863	0	0	0	0	0.840328	0	0	0	0	0	0	0.685162	0.247714	0	0	0	0	0	0	0	0	0.563867	0	0	0	0	0.794213	0	0	0	0	0	0	0	0	0.551804	0.443517	0	0	0	0	0	0	0	0	0	0.386037	0	0	0	0.34777	0	0.758258	0	0	0	0	0	0.306291	0	0	0	0	0.76362	0	0	0	0	0	0	0	-0.227035	-1.54062	-0.856464	-0.801606	-0.944319	-0.630267	-0.77003	-1.57941	-0.938793	-1.23141	-0.348522	-1.3511	-0.61285	-1.48967	-2.35551	-0.00126639	-0.00126639	-0.630699	-0.546634	-0.430992	-0.40761	-0.00126639	-0.0224761	-2.88224	-0.460899	
0	0	0	0	0.462067	0	0	0	0	0.458342	0	0	0.257855	0	0	0.421272	0.435238	0	0	0	0	0	0	0	0	0	0	0.488546	0	0	0.194229	0	0.376667	0	0	0.657845	0.736965	0	0.766013	0	0	0	0	0	0	0	0	0	0.368383	0	0	0	0	0	0	0	0	0	0	0	0	0	0	0	0.787615	0.428939	0	0	0	0.492931	0	0	0	0.315166	0	0.776778	0.441316	0	0	0	0	0	0	0	0.356779	0	0	0	0	0	0	0	0	0	0.583647	0	0	0	0	0	-1.2943	-0.486648	-1.5441	-0.618051	-0.444196	-1.10881	-0.226613	-1.04076	-0.58457	-1.66188	-1.34615	-0.255683	-0.198284	-0.693492	-0.859719	-1.32017	-0.850828	-0.390047	-0.75172	-0.365944	-0.838498	-0.949909	-0.934208	-0.162871	-0.879131	
0	0	0	0	0	0.301878	0	0.39925	0	0.72211	0	0	0	0	0	0	0	0	0.307461	0	0	0	0	0.689674	0.438164	0	0	0	0	0	0	0	0.349467	0	0.264816	0	0	0	0	0	0	0.84665	0.690043	0	0	0	0	0	0	0	0	0	0.355572	0	0	0.363145	0	0	0.564011	0	0	0	0	0.28364	0.472832	0	0	0	0	0	0	0	0	0.442084	0	0	0	0	0	0	0	0.546957	0	0	0	0	0	0.260815	0	0	0	0	0	0	0	0	0.263722	0	0.387434	0	-1.03304	0	-1.64583	-0.39584	-0.875672	-0.314901	-0.0186286	-1.10718	-1.5173	-0.389036	-0.122897	0	-0.958718	-1.32278	-1.44459	-0.302289	-1.37259	-1.26878	0	-0.706079	0	-1.02383	-0.508572	-1.73617	-0.885848	
0.238959	0	0.262906	0.614019	0	0.964574	0	0	0	0	0	0	0	0	0	0	0.745994	0	0	0.400949	0	0	0.36679	0	0	0	0	0.48007	0.778288	0.509278	0	0	0	0	0	0	0	0.409039	0	0	0	0	0	0.470803	0	0	0	0.292831	0	0.870236	0	0.79514	0	0	0	0	0	0	0	0	0	0	0	0	0	1.0967	0	0	0	0	0	0	0	0	0	0	0	0	0	0	0.79384	0	0	0	0	0.262239	0	0	0	0	0	0	0	0	0	0	0	1.2464	0.521572	0	-0.862149	0	-1.19813	-0.160315	-1.08341	-1.01092	-1.34118	-1.842	-0.805348	-2.08598	-1.56794	-0.0528542	0	0	-1.17774	-1.76151	-1.26536	-0.710862	-1.09194	-0.40933	-1.59896	0	-0.544016	-0.972403	-0.579891	
0	0	0	0	0.538926	0	0	0	0	0	0	0	0	0	0	0	0	0	0	0	0	0	0.735059	0	0	0	0.728085	0	0	0	0	0.232136	0	0.364559	0	0	0	0	0	0.378536	0.881162	0.505607	1.15982	0	0	0	0	0	0	0	0.680397	0	0.606984	0	1.0041	0	0.583918	0	0	0	0	0	0.624407	0	0.311297	0	0	0	0	0	0	0	0.220974	0	0	0	0	0	0.427909	0	0.620466	0	0	0	0	0	0	0	0	0.587262	0	0	0	0	0	0	0	0	0.358159	0	-0.361844	-3.07375	-1.15797	-0.59903	-1.1607	-1.25023	0	-1.5596	-0.54981	-1.56733	-1.10315	0	-1.52645	-0.374596	-0.427097	-0.598119	-0.347276	-0.245962	-1.35248	-2.09112	-0.200611	-0.549677	0	-0.58654	-0.866645	
0.643191	0	0	0	0	0	0	0	0	0	0.442646	0	0	0	0	0	0	0.875922	0	0.220462	0	0.726551	0	0.61879	0	0	0	0	0	0	0	0.834924	0	0	0	0	0	0	0	0.479662	0	0	0	0	0	0	0	0	0	0	0	0.782876	0.531142	0.591205	0	0.268928	0	0.177363	0	0	0	0	0	1.09909	0	0.606762	0.418094	0	0	0	0	0	0.211282	0	0	0.219548	0	0	0	0	0	0	0	0.513112	0	0	0	0	0	0	0	0	0	0	0	0	0	0	0.401247	0	-1.25578	-0.154038	-0.219741	-2.09724	-0.372458	-1.49585	-0.896147	-1.0126	-1.04793	0	-0.550382	-0.464027	-0.774028	-1.23493	-0.134957	-0.892496	-0.110536	-1.45661	-1.41051	-1.31588	-2.50581	-0.343322	-0.100738	-0.48382	-0.333562	
0	0	0.292072	0	0	0.467563	0	0.147825	0	0	0	0	0	0.512755	0.262145	0	0	0	0	0	0	0	0	0	0	0	0	0	0	0	0	0	0	0	0	0.261766	0	0	0	0.682638	0	0	0.806699	0	0	0	0	0	0	0	0	0	0	0.405458	0	0	0	0	0	0.382839	0.519006	0.851737	0.426753	0	0	0	0	0	0	0	0	0	0.446834	0	0	0	0	0	0	0.810074	0	0.754729	0	0	0.516353	0	0	0	0	0	0	0	0	0.329056	0	0.660997	0	0	0	0.551962	-1.45137	-0.735241	-0.705417	-1.34833	-0.589288	-0.274636	-1.05597	-2.19548	-0.559133	-0.80395	-0.62074	-0.399993	-0.586947	-0.459531	-1.38768	-0.400506	-0.61104	-0.293355	-0.000831192	-1.80637	-0.419141	-0.708062	-0.756814	-1.1147	-0.804735	
0	0	0	0	0.269757	0	0	0	0	0	0	0	0	0	0	0	0	0.433067	0	0	0	0	0	0	0	0	0	0	0	0.393299	0.936071	0.720342	0	0	0	0	0.28895	0	0.572431	0	0	0	0.939623	0	0	0	0	0	0	0.563759	0	0	0	0	0	0	0	0.49464	0	0	0.325084	0	0	0	0	0	0	0	0.607599	0	0.146551	0	0	0	0	0.556831	0	0	0.477397	0	0	0	0	0.260206	0	0.40298	0	0	0	0.701823	0	0	0.196127	0	0	0	0	0	0.818334	0	-0.927144	0	-1.38064	-0.664009	0	-1.84773	-0.60313	0	-1.34527	-1.86281	-1.15208	-0.275586	-0.597146	-0.436758	0	-0.987948	0	-0.320009	-1.20611	-1.39941	-2.53958	0	-0.657476	-1.00636	-0.895719	
0	0	0.412687	0	0.583028	0	0	0	0	0	0.504385	0	0	0	0	0	0	0	0	0	0	0	0	0	0	0.73201	0.297152	0	0	0.514135	0	0	0	0	0	0	0	0	0	0	0	0.453161	0	0.244313	0.538137	0	0	0	0	0	0	0	0.382294	0	0	0	0	0	0.505457	0.489443	0.237733	0	0	0	0	0	0	0	0.316263	0	0.665013	0.390943	0	0	0.475773	0	0	0	0	0	0	0	0	0	0.486279	0	0	0	0.387673	0.320618	0	0	0	0	0	0	0	0	0	0	-1.19274	-0.792899	-0.54145	-1.06714	-0.293212	-0.442114	-0.404522	-0.732747	-1.17462	-0.592749	-0.166509	-0.977371	-2.5072	-1.37737	-0.951446	-0.216255	-0.828186	-0.432955	-0.0014035	-0.724324	-1.18221	-0.541284	-1.26326	-0.531125	-0.0014035	
0	0	0	0.259106	0	0	0	0	0	0.311121	0	0	0	0	0.585997	0	0	0	0.507939	0	0.912435	0	0	0	0	0.224076	0	0	0	0	0	0	0	0	0	0	0.549165	0.506732	0	0.338962	0.575012	0	0.995439	0	0	0	0	0	0	0	0.314636	0	0	0	0	0	0	0	0	0	0	0.331806	0	0	0	0	0.326103	0	0	0	0.906841	0	0	0.372619	0	0	0	0	0.287343	0	0	0	0	0	0	0	0	0	0	0.19869	0	0	0	0.315581	0	0	0	0	0	0.609513	-0.494203	-1.0256	-0.641586	-0.60725	-0.402609	-0.846058	-0.653157	-2.06192	-0.676134	-1.72125	-1.39748	-0.241651	-1.06881	-0.513062	-0.460567	-0.715148	-0.258725	-0.482414	-0.526871	-1.13384	-0.795204	-0.897241	-0.710682	-0.59918	-0.498472	
0	0	0	0	0	0.702254	0	0.463771	0	0	0.34736	0.444272	0	0.716965	0	0	0	0.389329	0	0	0	0	0	0	0	0	0	0.906004	0	0.274685	0	0	0	0	0	0	0.345465	0	0	0.883518	0	0	0	0	0	0.724734	0	0	0	0	0	0	0.322573	0	0	0	0.224167	0	0	0	0.402532	0	0	0	0.345465	0.700937	0	0	0	0	0	0	0.361651	0	0.144345	0	0	0	0	0	0	0	0	0	0	0.464222	0	0	0	0	0	0	0	0	0	0	0	0	0.745058	0	-1.93618	-0.684225	-1.64839	0	-1.28411	-0.166708	-0.400445	-0.783781	-0.399751	-1.29928	-1.0695	-0.440166	-0.108094	-0.17002	-1.02631	-0.0196345	-0.903684	-1.06427	-0.0381284	-1.22156	-1.20078	-0.88998	-0.972242	-1.60116	-0.581157	
0	0	0.806522	0	0	0	0	0	0	0	0.193336	0	0.295571	0.514442	0	0.654629	0	0	0	0	0	0	0.543433	0	0	0	0	0	0	0	0	0	0	0.274332	0.56561	0	0	0	0	0	0.618377	0	0	0	0	0	0	0	0	0	1.02404	0	0	0	0.32704	0	0	0	0.492396	0.868523	0	0.511898	0	0	0	0	0	0.167424	0	0	0	0	0	0	0	0	0	0	0.332873	0	0	0	0	0	0.432247	0	0	0.230351	0	0	0	0	0	0	0.453169	0	0	0	0	0.191706	-0.819883	-1.38487	-0.640811	-1.50567	-0.192209	-0.894456	-0.205118	-0.461449	-0.246605	-1.93798	-0.969584	-1.39003	-0.128247	-0.829647	-1.2527	-0.579348	-0.29235	-0.435497	-0.513436	-0.409012	-0.993052	0	-1.41867	-0.994346	-1.00317	
0	0	0	0	0	0	0.659458	0.578643	0	0	0	0	0.282525	0.180217	0.511452	0	0	0.350249	0	0	0	0	0	0	0	0	0	0	0	0	0	0	0	0	0	0	0.220117	0.607729	0	0	0	0	0	0	0	0	0	0	0	0.354219	0.415757	0	1.42579	0	0	0	0	0	0	0	0.349197	0	0.534291	0	0	0	0	0	0	0.2978	0	0	0	0	0	0	0	0	0	0.422947	0	0	0.647308	0.239649	0	0	0	0	0	0	0	0	0	0	0.329798	0	1.02181	0	0	0.51952	-1.21361	-0.102778	-1.77104	-0.191144	-0.280299	-0.533238	-0.765818	-0.277107	-0.768414	0	-0.519958	-0.503446	-0.779117	-0.987168	-0.609177	-1.40286	-0.612208	-0.740975	-0.525797	-2.81206	-1.46458	-0.400121	-0.77914	-1.26971	-0.638883	
0	0	0	0	0	0	0	0	0	0	0.963683	0.363614	0	0	0	0	0	0	0	0	0	0.343184	0	0	0	0	0.747714	0	0.128198	0	0	0	0.249224	0	0	0.205301	0	0	0.53408	0.269907	0	0.628771	0	0	0.422881	0	0	0	0	0	0	0	0	0	0	0.376054	0	0	0	0.232012	0	0	0	0	0	0	0.703684	0	0	0	0	0	0	0	0	0	0	0	0.282869	0	0.987278	0	0	0.476159	0	0.342058	0	0	0.375272	0	0	0	0	0	0	0	0	0.596521	0	0	-0.841138	-1.42604	-1.4729	-2.28527	-0.357353	-0.684214	-0.157754	0	-0.950552	-0.611953	-0.003686	-2.0386	-1.05767	-0.705645	-1.45042	0	-2.13686	0	-0.44431	0	-0.24321	-0.513003	-0.517461	-0.840908	-0.490719	
0	0	0	0	0.578317	0	0	0.566701	0	0	0	0	0.856057	0	0.427308	0	0	0	0	0.454758	0	0	0	0.584986	0	0	0	0	0	0	0.322511	0	0	0	0	0	0	0	0	0	0	0	0	0	0	0.447591	0.345392	0	0	0.457173	0	0	0	0	0	0	0	0	0	0.345158	0	0	0	0	0	0	0	0	0	0	0	0	0	0.281167	0.526847	0	0	0	0	0	0	0	0	0	0.362244	0	0	0.372013	0	0	0	0.585699	0.583617	0	0.652942	0	0.888896	0	0.403122	0	0	-0.847137	-1.04037	-0.423744	-1.6801	-0.00153219	-1.40237	-0.929869	-0.57967	-0.158659	-0.270129	-1.52792	-0.642137	-0.696358	-0.494572	-0.349554	-1.01843	-1.87523	-0.712888	-0.955467	-0.506006	-1.70639	-0.927334	-0.906618	-0.390021	
0	0.629804	0	0.282731	0.693561	0	0	0.333611	0	0.545479	0	0	0	0	0	0	0.287624	0.441284	0	0.717126	0	0	0	0	0	0	0	0	0.226388	0	0	0	0.511988	0	0	0	0	0	0	0	0	0	0	0	0	0	0.143581	0.52754	0	0	0	0	0	0	0	0	0	0.456114	0	0	0.231787	0.474348	0	0	0	0	0	0.682469	0	0	0	0	0	0.161043	0	0	0	0	0	0	0.656682	0	0	0	0	0	0	0	0	0	1.43912	0	0	0	0	0	0	0	0	0.397837	-0.500086	0	-0.692363	-0.918005	-0.451372	-0.60361	-0.523736	-1.31755	-0.341951	-1.00488	-1.07842	-0.901368	-1.33836	-0.909939	-1.45941	-0.838933	-0.62114	-1.01763	-0.7176	-0.576461	-1.06321	-0.872679	-0.624506	-0.742789	-0.724115	
0	0	0	0	0	0	0	0.263705	0	0	0.380432	0	0	0	0	0	0	0	0	0	0.822504	0	0	0	0	0	0	0	0	0.326213	0	0	0	0	0	0	0	0.254243	0	0.509429	0	0	0	0	0.108261	0	0	0.446131	0	0	0	0	0.584571	0	0	0	0	0	0	0	0.565746	0	0	0	0	0	0.46725	0	0	0.528314	0	0	0	0	0	0	0	0	0.901329	0.417236	0	0.509903	0	0	0	0	0	0.305781	0	0	0.678374	0	0	0	0	0	0.44099	0	0.450032	0.530774	-0.701718	-0.717458	0	-1.22297	-0.663623	-0.00393089	-0.767188	-0.125035	-0.481596	-1.04179	-0.0934158	-1.14256	-0.693145	-1.16062	-1.45584	-1.11346	-1.29509	-0.856308	-0.705803	-0.607356	-0.389386	-1.12405	-1.05916	-1.30842	-0.761297	
0	0	0	0	0	0	0	0.385903	0	0	0	0	0	0	0.350418	0	0	0.336852	0.494385	0	0	0	0	0.195333	0	1.33805	0.339887	0	0	0	0	0	0	0	0	0	0	0.468382	0	0	0.618052	0.554597	0	0	0.533936	0	0	0	0	0.732405	0	0	0	0	0	0	0	0	0	0	0	0	0	0	0	0	0	0	0	0.222664	0	0	0	0	0	0	0	0.344529	0	0.481498	0	0	0	0	0	0	0	0	0	0	0.160305	0.872984	0.525258	0	0	0	0	0.290701	0	0.698008	-1.25002	-1.04879	-0.228759	0	-1.15431	-0.0202562	-1.60908	-1.19842	-0.99957	-0.118829	0	-1.23731	-0.959531	-0.810608	-1.0231	-0.249803	-1.20405	-1.7824	-0.336056	-1.03517	-0.265861	-1.12854	-1.00828	-1.02687	-0.248767	
0	0.835474	0	0	0	0.474141	0	0	0.337067	0.723286	0	0	0	0	0	0	0	0	0.263785	0	0	0	0	0	0	0	0	0	0	0	0	0	0	0	0	0.303155	0	0	0.699408	0	0	0	0.15666	0	0	0	0	0	0	0	0	0	0	0	0	0	0.510123	0.140363	0	0	0	0	0	0.530114	0.548054	0	0.383777	0	0	0.45749	0	0.246506	0	0	0	0	0.39107	0	0	0	0.441989	0	0	0	0	0	0	0	0	0.167572	0	0	0	0	0	0	0.267458	0	0	0.341682	-0.152275	-1.31078	-1.13657	-0.711566	0	-0.55205	-0.539731	-0.358436	-0.863583	-0.776069	0	-1.2008	-0.0904479	-0.39389	-0.83554	-1.20726	-1.06206	-1.47177	-0.807874	-0.895303	-0.702322	-0.860388	-1.20848	0	-1.08234	
0.511489	0.279914	0	0	0	0	0	0	0	0	0	0	0	1.64537	0	0	0.774187	0	0	0	0.717925	0.551051	0	0.217185	0	0	0	0	0	0	0.399069	0	0	0	0	0	0	0	0	0	0	0.843946	0	0	0.440898	0	0	0	0	1.44692	0	0	0	0.247649	0.368218	0	0	0	0	0	0	0.363469	0	0	0	0.845549	0	0	0	0	0	0	0	0	0.425508	0	0	0	0	0	0	0	0	0	0	0	0	0.36426	0	0	0.441189	0	0	0.291077	0.251442	0	0	0	0	0	-1.06645	-1.01593	-0.786319	-0.931405	-1.45644	0	-0.433818	-0.937265	-0.936241	-0.771796	-0.853457	-1.22525	-0.30565	-0.583709	-0.237061	-0.174926	-1.30233	-2.01402	-0.995568	-1.19236	-0.638749	-0.851298	-0.958058	-0.339022	-1.41919	
0	0	0	0	0	0	0	0	0	0	0	0	0	0	0	1.3586	0	0.314255	0	0	0	0.511898	0	0.335715	0	0	0	0.25952	1.48134	0	0	0.369696	0	0	0	0	0	0	0	1.21149	0	0	0	0	0	0	0.240756	0.697382	0.281256	0	0	0	0	0	0.364382	0	0	0	0	0	0	0	0	0.272409	0	0	0	0	0	0.454228	0	0.359467	0	0	0.29804	0	0	0	1.38108	0.256724	0	0	0	0	0.18678	0	0.6516	0	0	0	0	0	0	0	0	0	0	0	0	0	-0.542541	-1.61221	-0.962791	-0.818142	-1.29658	-0.728527	0	-0.630894	-0.89363	-0.761492	-0.990984	-1.45978	-0.771977	-0.850842	-1.52472	-0.567541	-0.683325	-0.843319	-0.624117	-0.50529	-0.263715	-1.77452	-0.877374	0	-1.30237	
0.663672	0.551052	0	0.3871	0	0.594836	0.661775	0	0	0	0	0	0	0.318861	0	0	0	0	0	0	0	0	0	0	0	0	0	0	0	0	0	0	0	0	0	0	0	0	0	0	0	0	0.558793	0	0	0	0	0	0	0	0	0.323597	0	0	0.487417	0	0	0.456212	0	0	0.656029	0	0	0	0	0	0	0	0.261803	0	0	0	0.406801	0	0	0	0	0	0	0.250272	0	0	0	0	0	0	0.35087	0	0	0.450071	0.287816	0	0.557814	0	0.188857	0.735885	0	0	0	0	-0.729726	-0.604267	-1.5441	-0.135516	-1.05207	-0.597522	-1.45543	0	-0.760359	-0.466483	-0.715618	-0.62374	-0.38917	-0.0701903	-0.735631	-0.615972	-1.56673	-1.57234	-0.883475	-1.26784	-0.00350405	-1.96059	-0.123883	-0.750395	-0.524972	
0.586144	0	0	0.476606	0	0	0	0	0	0	0	0	0	0.827404	0	0	0	0	0.437869	0	0.6941	0	0.425457	0	0	0.539805	0.267801	0	0	0.501492	0	0	0	0	0	0	0	0	0	0	0	0	0	0	0	0	0.318471	0	0	0	0.409829	0	0	0.396077	0	0	0	0	0	0	0	0	0	0	0	0.542441	0	0	0.652902	0	0	0	0	0	0	0	0.338471	0	0	0	0	0	0	0	0	0.385085	0.167611	0	0.439567	0	0	0	0	0.28517	0.416369	0	0	0	0	0	-0.888568	-0.992403	-0.883107	-0.724974	-0.853399	-0.861532	-1.13973	-0.823358	0	-0.872375	-0.249906	-1.16897	-0.810129	-0.0698244	-0.261007	-0.954804	-1.71579	-0.665861	-1.00399	-0.979708	-0.320691	-1.27839	-0.675569	-0.912014	-0.00257069	
0	0	0	0.745468	0	0	0	0.345869	0	0	0	0	0	0	0	0	0	0	0.678262	0	0	0	0.347708	0	0	0	0	0	0	0	0	0	0.832092	0	0	0	0	0	0	0	0.868657	0	0.159757	0	0	0	0	0	0	0	0.374162	0	0	0.545266	0	0	0	0.313689	0	0	0	0.516086	0	0	0.485113	0	0	0	0	0.311948	0	0	0	0	0	0	0	0	0	0	0.33205	0	0	0	0.315964	0	0.405619	0.456938	0	0	0	0	0	0.935159	0.510734	0.323286	0	0	0	0	-0.849113	-1.04818	-0.200898	-0.908815	-0.972165	-0.356694	-1.24924	-1.16424	-0.00397127	0	-0.798666	-0.498869	-0.61359	-0.18556	-1.02131	-1.20304	-1.25449	-1.49679	-1.57344	-0.724744	-0.00397127	-1.6711	-0.44172	-1.00295	-0.560275	
0	0	0.538057	0	0	0	0	0	0	0	0	0	1.64211	1.40462	0	0	0.361396	0	0	0	0	0	0	0	0	0.398563	0.492381	0.499424	0	0	0	0	0	0.276539	0	0	0	0	0	0	0	0	0	0	0	0	0.595454	0.894258	0.48023	0	0	0	0	0	0	0	0	0	0	0	0	0	0	0	0	0	0.154624	0	0.381444	0	0.39695	0	0	0	0	0.265941	0	0	0	0.492999	0	0	0.387704	0	0	0	0	0	0	0.355399	0	0	0	0	0	0.329583	0.337501	0	0	0	-1.01977	-0.682725	-1.28495	-1.61017	-2.02303	-0.743755	-0.545771	-0.31694	-1.06403	-0.279422	0	-0.891398	-0.869651	-1.1423	-0.807985	-0.894604	-0.690008	-0.162347	-0.000928807	-0.909325	-0.990643	-1.21021	-1.04227	-0.847737	-0.655203	
0	0.913436	0	0	0	0	0	0	0	0	0.32427	0.426735	0	0	0.401955	1.30285	0.475299	0.518755	0	0	0	0	0	0	0	0	0	0.518907	0	0	0	0.488023	0	0	0	0	0.278822	0	0	0	0	0	0.498309	0	0	0	0	0	0	0	0	0	0	0	0	0.449099	0	0	0	0	0	0.262869	0	0	0	0	0.309577	0	0	0	0	0	0	0	0	0	0.431269	1.09508	0	0	0	0	0	0	0	0	0.447431	0	0	0	0	0	0	0	0	0	0.337279	0.304804	0	0.712192	-0.665472	-0.90646	-0.997772	-0.495905	-0.737564	-0.962601	-0.716074	-1.0228	-0.911071	-0.993933	-0.64068	0	-1.58762	-0.646101	-0.952355	-0.94597	-1.11742	-1.74583	-0.120181	-0.902323	-0.418724	-0.884753	-1.07127	-0.772993	-0.281094	
0	0	0	0	0	0	0	0	0	0	0	0	0	0	0	0	0	0	0	0.67931	0	0.970371	0	0.826413	0.39461	0	0	0	0	0	0	0.333956	0	0.848019	0.20834	0	0.539636	0	0	0	0	0	0	0	0	0	0	0	0.206957	0	0.393734	0	0.709557	0	0.536832	0	0	0	0	0.706258	0	0	0	0	0	0	0.563604	0.397434	0	0	0	0	0.404821	0	0	0	0	0	0	0	0.259677	0	0	0.379894	0	0	0	0	0	0	0.824606	0	0	0	0.871097	0	0	0	0	0	-0.998503	-0.655363	-0.811724	-1.25611	-1.35822	-1.34066	-0.831212	-0.753577	-1.02195	-0.597704	-0.884169	-0.526711	0	-1.39134	-1.30436	-0.761277	-0.00229309	-0.466427	-1.53473	-0.907927	-0.658367	-1.83129	-0.864324	-0.294602	-0.00229309	
0	0	0	0.281638	0	1.10765	0	0	0.246059	0	0	0	0.669432	0	0	0	0.568524	0.251685	0	0	0	0	0	0.668384	0	0	0.755051	0	0	0	0	0	0	0.455331	0	0.27055	0	0	0.355069	0	0	0	0	0	0	0	0	0	0	0	0	0.326933	0	0	0	0	0	0	0	0	0	0	0	0.969783	0	0	0	0	0	0	0	0	0	0.528013	0	0	0	0.277574	0.568967	0	0	0.909258	0	0	0	0	0.54693	0	0	0	0	0.345485	0	0	0	0	0	0.19098	0	0	-0.945197	-0.804097	-0.329774	-1.12637	-0.942039	-0.863334	-0.919678	-1.19506	-1.49538	-0.9859	-0.863215	-0.910974	-0.763779	0	-0.530208	-0.767663	-0.792189	-1.06947	-0.75032	-0.400808	-0.00260441	-1.69526	-0.570265	-0.912442	-0.657266	
0.206843	0	0	0	0	0	0	0	0	0	0	0	0	0	0	0.572856	0	0	0	0	0	0	0	0	0	0	0	0	0	0	0	0	0	0	0	0	0.459068	0	0	0	0	0	0	0	0	0.470505	0	0	0	0	0	0	0	0.281255	0	0.312576	0	0	0	0.484292	0	0	0	1.70116	0	0	0.507753	0	0	0	0	0.232384	0	0	0.649851	0	0	0	0	0	0.437349	0.185438	0.36542	0.43159	0	0.638742	0.654147	0.325608	0	0.467313	0	0	0	0	0	0	0.114929	0	0	0	-0.891928	-0.466493	-0.075476	-0.693419	-0.801842	-1.60604	-0.327546	-0.910611	-1.10464	-0.291497	-1.2466	-0.76601	-0.457448	-0.742635	0	-0.745398	-1.17041	-0.831525	-1.23183	-0.555666	-0.899048	-1.21469	-0.296354	-0.79639	-1.37557	
0	0	0.166388	0	0	0.400286	0	0	0	0	0	0	0	0	0	0	0	0.526262	0.49085	0	0.310318	0	0.36007	0	0	0	0.392909	0.81344	0	0	0	0	0	0	0	0	0	0	0	0	0	0	0	0	0	0	0	0	0	0	0	0	0	0.51532	0	0	0	0	0	0	0	0	0	0	0.243176	0	0	0	0	0	0.455515	0.266007	0	0	0.506914	0	0	0	1.76286	0	0	0	0.411545	0	0.519844	0.257004	0	0.352889	0	0	0	0	0.417942	0	0	0	0	0	0.457933	0	-0.874015	-0.955936	-0.499298	-0.974648	-0.516356	-1.03081	-1.24239	-0.555915	-0.490206	-0.73661	-0.403788	-1.23605	-0.775218	-1.10323	-0.955523	0	-0.994331	-0.854284	-0.869275	-0.840776	-1.20599	-1.13364	-0.727319	-0.521159	-0.130709	
0	0	0	0.468368	0.368711	0.698056	0	0	0	0	0	0	0.185003	0	0	0.556968	0	0	0	0.32592	0	0.780938	0	0	0.350232	0	0	0	0.169482	0	0	0	0	0	0	0	0	0	0	0.36494	0	0	0	0	0	0.141412	0.288306	0.574674	0	0	0	0	0	0	0	0	0	0	0.384107	0	0	0	0	0	0	0.612276	0	0	0	0	0	0	0	0	0	0	0	0.651988	0	0	0	0	0	0	0	0	0	0	0.499229	0	0.279959	0	0	0	0.408843	0	0	0	0	0.452426	-0.988444	-0.747577	-0.202487	-0.667929	-1.24768	0	-1.79531	-0.682443	0	-0.355597	-0.74076	-0.970076	-1.66662	-0.967939	-0.978089	-0.8375	0	-1.20012	-1.40109	0	-0.488938	-1.15164	-0.196062	-0.25304	-1.02362	
0.387539	0	0	0	0	0	0	0	0.240276	0	0	0	0.180186	0	0	0	0	0	0.370681	0	0.213218	0	0	0	0	0	0	0	0	0	0	0	0.348333	0	0	0	0.514315	0.514975	0	0	0	0	0	0	0	0	0	0	0.358398	0	0	0	0.367343	0.595499	0	0.631626	0	0	0	0	0	0	0	0	0.191694	0	0	0	0	0.487744	0.538898	0	0	0	0	0	0	0	0	0	0	0	0	0.609115	0	0	0.299069	0	0.379904	0	0	0.49193	0	0	0.280512	0	0	0	0	0	-0.716009	-0.84373	-0.96632	-0.804741	-0.767738	-0.286272	-1.43923	-0.108579	-0.956383	-0.30415	-1.30284	-0.435047	-0.980994	-1.1926	-0.873937	-1.06881	-0.916835	0	-0.493092	-1.13524	-0.147114	-1.38441	0	-0.160314	-0.717218	
0	0	0	0	0.362481	0	0	0	0	0.17461	0	0	0	0	0	0	0	0	0	0.459558	0.585209	0	0	0	0	0	0.619538	0	0	0.453126	0	0	0	0	0	0	0	0	0	0	0	0	0	0	0	0.527993	0	0	0	0	0	0	0	0	0	0	0	0	0	0	0	0	0.282309	0	0.77146	0	0	0.344927	0	0.578061	0.980567	0	0	0.491039	0	0	0	0	0	0	0	0	0	0.60755	0.416002	0	0.567584	0	0	0	0.227304	0.472655	0	0	0.260784	0	0	0	0	0.251071	-1.2895	-1.16974	-0.316086	-1.023	-0.960185	-0.655099	-1.40932	-0.936151	-0.389627	-0.000738867	-1.16594	-1.58204	-0.4534	-0.752849	-0.517556	-0.607979	-0.721255	-1.60018	0	-0.601478	-0.000738867	-1.54438	-0.605981	-0.245383	-0.885222	
0	0	0	0	0	0	0	0	0	0.204778	0	0	0	0	0	0	0	0	0.999573	0.606457	0	0.443908	0	0	0	0	0.511274	0.622573	0	0	0	1.09279	0.498724	0	0	0.19168	0	0	0	0	0	0	0	0	0	0	0	0	0	0	0	0	0	0	0	0.784602	0.322741	0	0	0	0	0	0	0.311945	0	0	0	0	0	0	0	0	0	0	0	0	0	0	0	0	0	0	0	0.728734	0.279656	0	0	0	0.395117	0	0.884905	0.425981	1.01581	0	0	0	0.423339	0	0.914446	0	-0.568056	-1.44391	-1.37792	-1.04862	-0.742474	-0.531138	-1.57278	-0.362833	-0.683645	-0.469924	-0.502964	-0.904428	-0.922766	-1.5229	-1.16365	-0.532966	-1.85384	-1.04164	-0.860308	0	-0.6224	-1.15429	-0.764605	-0.918284	-0.0926991	
0.483604	0	0.278733	0	0	0	0.74935	0	0	0	0	0	0.192619	0	0	0	0	0	1.31366	0.845248	0	0	0	0	0	0	0	0	0	0	0	0	0.340983	0	0.585004	0	0	0	0.62114	0	0.305462	0.339543	0.833228	0	0	0	0	0	0	0	0	0	0	0	0	0	0	0	0	0	0	0	0	0.321687	0	0	0	0	0	0	0	0	0	0	0	0	0.494022	0.238424	0	0.515719	0	0	0	0.980395	0	0	0	0.172238	0	0	0	0.495891	0	0	0.401351	0	0	0	0	0	-0.691044	-0.471741	-1.09139	-1.40425	-0.417504	-0.653323	-1.6275	-0.674863	-1.18794	-1.25959	-0.762705	-0.82293	-0.903302	-1.18888	-0.740583	-0.00663809	-1.17378	-1.24164	-1.13684	-0.639494	0	-0.333862	-0.557387	-0.589706	-0.931401	
0	0	0	0	0	0	0	0	0	0.473842	0	0.245393	0	0	0	0	0	0.452369	0	0	0	0	0	0	0	0	0.508648	0	0	0.380018	0	0	0	0	0	0.260837	0	0	0.701986	0	0	0.423565	0.435608	0	0.888546	0.457688	0	0	0	1.01692	0	0	0	0	0	0.435521	0	0	0	0	0	0.345925	0	0	0	0	0	0	0	0	0	0	0	0	0	0	0.445849	0.273099	0	0	0	0	0	0	0	0	0	0	0.499018	0	0	0	0	0	0	0.317088	0.383428	0	0	0.229017	-0.715588	-0.981136	-0.85578	-0.649209	-0.939043	-0.606956	-0.579741	-0.260497	-0.951302	0	-0.474222	-1.29907	-0.490588	-0.26275	-0.813664	-0.896278	-1.65691	-1.11087	-1.14287	-1.16114	-1.16288	0	-0.606174	-0.889607	-0.668178	
0	0	0	0.378622	0	0	0.439711	0	0.405319	0	0	0	0	0	0	0.614367	0	0	0	0	0	0.487615	0	0	0	0	0.574472	0	0.872036	0	0	0	0	1.1092	0.405941	0	0.201909	0.187194	0	0	0	0	0	0	0	0.361363	0	1.1411	0	0	0	0	0	0	0	0	0.564596	0	0	0	0	0	0	0	0.420256	0	0	0	0	0	0	0	0.525093	0	0	0	0	0	0	0	0	0	0.604731	0.731425	0.48426	0	0	0	0	0	0	0	0	0	0.327916	0	0	0	0	0	-0.953581	-1.50003	-0.304011	-0.276506	-0.585591	-0.856574	-0.960472	-1.35961	-0.727833	-0.901785	-0.431115	-0.70168	-0.367547	-0.586918	-1.3444	-0.353226	-2.06739	-1.6962	-1.05948	-0.832405	-0.722031	-1.58351	0	-0.235367	-0.42986	
0	0	0	0	0	0	0	0	0	0.383993	0	0	0.628983	0	0	0.628894	0	0.40324	0	0	0	0	0	0	0	0.627722	0	0	0.359194	0	0	0	0.487091	0	0	0	0	1.10895	0.531025	0	0	0	0	0	0.276072	0	0	0.548893	0	0	0	0	0.344593	0	0.204424	0	0	0	0	0	0	0.36957	0.830509	0	0.36119	0	0	0	0	0	0	0	0	0	0	0	0	0	0	0	0	0	0	0.308413	0	0	1.15815	0	0.513658	0	0	0	0	0	0	0	0	0	0	0.339351	-0.947865	-0.427866	-0.445306	-0.245197	-1.82306	-0.55758	-1.53606	-0.626347	-0.14263	-0.201888	-0.556044	-0.965648	-1.10488	-0.484123	-0.975824	-0.852136	-1.38901	-1.76125	-1.30346	-0.653789	-0.654153	-1.02205	-1.01041	0	-0.727336	
0.831385	0	0	0.251597	0	0	0	0.949184	0.452882	0	0	0	0	0	0	0.364379	0	0	0	0	0	0.886507	0	0	0	1.27867	0	0	0	0	0	0	0	0.348208	0	0	0	0	0.276783	0	0	0	0	0.425844	0.40309	0.206031	0	0	0	0	0.635392	0.321556	0	0	0	0	0	0	0	0	0.249268	0	0	0	0	0	0.486739	0	0	0	0	0	0	0	0	0	0	0.538574	0	0	0	0	0.26711	0	0	0	0	0.163655	0.633171	0	0	0	0	0	0	0	0	0	0	0	-1.31278	-1.41802	-0.613777	-0.997688	-0.45079	-0.315955	-0.565026	-0.542132	-1.08333	-0.512437	-0.560529	-1.86501	-1.39475	-1.13808	-0.297122	-1.20854	-0.556047	-1.24959	-1.10856	-1.35949	-0.0804202	-0.726281	-0.480625	-0.133035	0	
