-0.572024	-1.94082	
0.546388	1.50087	
0.178959	1.50584	
1.09371	4.87419	
-0.540673	-1.1124	
1.39271	2.75439	
-0.581536	-1.38925	
-0.022623	0.201449	
-0.948502	-3.20688	
0.392427	0.634994	
-0.357015	-0.718663	
0.487699	-2.21326	
-0.761318	-3.39738	
-0.944192	-2.70021	
0.774703	0.787006	
0.0902835	1.30295	
0.691896	1.29796	
1.29924	2.96191	
0.299545	1.44112	
-0.113059	-0.33653	
0.928595	3.03532	
0.0280951	-1.34642	
-0.505341	-0.382806	
0.554869	3.09079	
0.414324	3.02873	
-1.13344	0.444754	
-0.156481	-0.269592	
-1.33842	-5.37575	
-0.165198	1.11802	
1.7087	3.68429	
1.03274	2.05782	
2.65843	4.00616	
-0.340012	-3.45438	
-0.0439255	3.10643	
0.877912	1.33743	
-0.776446	-2.24179	
0.419985	3.62457	
0.714824	2.41526	
-1.70634	-3.03869	
-0.554255	-1.31094	
0.174516	0.299526	
-2.08306	-8.1572	
0.400671	2.95957	
-0.61132	-1.08893	
-0.33716	-0.208428	
-0.513983	-1.05878	
0.231493	-0.115339	
-0.195142	0.461323	
0.110535	0.872664	
-0.78354	-2.02697	
-0.498374	-1.83131	
-1.50042	-2.01132	
-0.897959	-1.4874	
0.156644	-2.3692	
0.803094	2.90423	
0.619762	0.86608	
0.129608	2.01775	
0.432253	0.380842	
-0.13723	-0.15183	
-0.137293	-1.37396	
1.61366	3.40177	
-1.47031	-5.00054	
-2.31239	-6.0207	
-0.929194	-3.35838	
0.83422	2.6534	
-0.980331	-2.53006	
-0.561651	0.214783	
-0.488102	0.0501714	
0.0709754	0.0805702	
-1.30163	-1.26749	
-0.689017	-1.06488	
0.398141	1.75381	
0.154512	-0.234722	
-1.46326	-2.82188	
1.38014	5.53654	
-0.492574	-2.26372	
0.381896	1.26308	
0.578799	-0.512881	
-0.515529	-1.59873	
-1.24039	-4.30259	
0.638361	0.21097	
2.64359	4.75251	
1.38537	3.64535	
-0.381533	-0.303609	
0.455745	0.403317	
-0.947908	-3.65998	
-1.22834	-2.65939	
1.01103	1.05976	
-2.11847	-6.73836	
-1.64088	-3.34221	
0.642447	1.21924	
-0.597295	2.29968	
-0.637635	-1.8286	
0.742557	3.11331	
0.790121	1.80541	
1.32978	3.86298	
-0.180487	-0.457705	
1.48384	3.87941	
1.9859	7.20554	
-1.9438	-3.97349	
